-0.031607,-0.590654,-0.589483
-0.222425,-0.246353,-0.536522
0.059113,-0.354997,-0.512886
-0.231399,-0.283673,-0.453401
-0.208084,-0.274592,-0.380836
0.079684,-0.211609,-0.387687
0.070482,-0.143132,-0.264489
-0.060284,-0.182597,-0.171254
0.158616,-0.065490,-0.141590
-0.096979,-0.022215,0.013019
-0.073072,0.086311,0.039250
-0.308838,0.016027,0.215811
-0.191098,0.098255,0.255357
-0.258007,0.100331,0.389053
-0.203360,0.183925,0.577067
-0.510304,0.123173,0.754245
-0.301266,0.180949,0.775316
-0.504268,0.014180,0.937497
-0.290322,0.072449,0.979803
-0.374013,-0.121330,1.029817
-0.488367,-0.193863,1.163027
-0.283624,-0.315516,1.173102
-0.375156,-0.404637,1.226809
-0.248570,-0.470494,1.209063
-0.352337,-0.657531,1.187888
-0.136552,-0.680873,1.095644
-0.240664,-0.852169,1.043770
-0.001109,-0.913875,0.877568
-0.212616,-1.076604,0.804917
0.060858,-1.046472,0.601226
-0.090894,-1.166080,0.483517
-0.089258,-1.120216,0.367115
0.056945,-1.225934,0.229978
0.043358,-1.232391,0.044797
-0.027207,-1.258865,-0.102197
0.151066,-1.279054,-0.310669
-0.129057,-1.137133,-0.433895
-0.200013,-1.071626,-0.552049
-0.169711,-0.970740,-0.671455
-0.130478,-0.846996,-0.817627
0.045064,-0.728933,-1.019135
-0.245166,-0.545441,-1.213695
-0.043855,-0.448975,-1.363348
0.039348,-0.274136,-1.654431
-0.130526,-0.088805,-1.859425
-0.098955,0.019770,-2.110013
-0.157440,0.192806,-2.357769
0.080296,0.175373,-2.584801
-0.128524,0.322095,-2.677125
0.098250,0.260373,-2.915106
-0.093229,0.346277,-3.015657
0.172477,0.269451,-3.123484
-0.002575,0.329753,-3.317230
-0.200467,0.165633,-3.301508
-0.133091,0.040110,-3.405426
0.019850,-0.038356,-3.512022
-0.290314,-0.311892,-3.410778
-0.087859,-0.405406,-3.464237
-0.103855,-0.608179,-3.398506
0.132708,-0.752454,-3.352517
0.002104,-0.916522,-3.213846
-0.163131,-0.933805,-3.059622
0.106551,-1.083392,-2.924235
0.062196,-1.099978,-2.804099
-0.013038,-1.210925,-2.628437
-0.025065,-1.380291,-2.509935
-0.096890,-1.448716,-2.356813
-0.152359,-1.468852,-2.251980
-0.150925,-1.559876,-2.162152
-0.221290,-1.422741,-2.035702
-0.125431,-1.314737,-1.925875
-0.218698,-1.258329,-1.725227
0.174687,-0.970281,-1.594134
-0.076291,-0.788528,-1.404000
0.144178,-0.466933,-1.421439
0.150995,-0.355412,-1.365958
0.143969,-0.179028,-1.180260
0.242378,-0.101765,-1.058177
-0.058254,0.057918,-0.899010
0.102023,0.216283,-0.911941
0.022473,0.262683,-0.840773
0.104973,0.445445,-0.815863
-0.172869,0.380748,-0.755710
0.040408,0.506154,-0.805404
-0.121815,0.286533,-0.785552
-0.375595,0.306772,-0.794043
-0.231636,0.283592,-0.874031
-0.191880,0.067753,-1.019170
-0.157296,-0.004337,-1.160513
-0.188119,-0.089269,-1.316267
0.139699,-0.287844,-1.566562
-0.149298,-0.311892,-1.674052
-0.250421,-0.472188,-1.861036
-0.260639,-0.562749,-2.055083
-0.154068,-0.701651,-2.163852
-0.115947,-0.790068,-2.427343
-0.142291,-0.874044,-2.606398
-0.110384,-0.914287,-2.761230
-0.041399,-0.895040,-2.873915
0.059177,-0.791659,-2.994472
0.097808,-0.755077,-3.072748
0.167074,-0.663808,-3.263260
0.216704,-0.481265,-3.467165
0.281200,-0.273004,-3.684284
0.217697,-0.158438,-3.892681
0.340151,-0.007108,-4.114063
0.061466,0.104618,-4.214141
0.291391,0.059253,-4.418653
0.051341,0.291312,-4.456867
0.173464,0.308232,-4.536952
0.262591,0.278050,-4.706871
0.040648,0.397027,-4.745919
0.283731,0.302544,-4.864971
0.085294,0.397003,-4.860090
0.312635,0.164574,-4.954176
0.095168,0.041496,-4.882850
-0.154844,-0.109937,-4.805582
0.018759,-0.336184,-4.785062
0.128100,-0.395021,-4.770524
-0.158522,-0.607371,-4.587590
0.115007,-0.708294,-4.567171
0.158367,-0.756552,-4.459103
0.336296,-0.843936,-4.352945
0.225532,-1.026834,-4.233746
0.293587,-1.108981,-4.082340
0.296271,-1.138782,-3.969250
0.044480,-1.182739,-3.814092
0.271280,-1.163548,-3.760264
0.307860,-1.099047,-3.696944
0.269452,-1.079785,-3.600115
0.165886,-0.989674,-3.468833
0.107397,-0.916866,-3.307634
-0.048464,-0.826245,-3.199256
0.092479,-0.514909,-2.954563
-0.153737,-0.436696,-2.847139
-0.051527,-0.296909,-2.641715
-0.122945,-0.220820,-2.486353
-0.016628,-0.144341,-2.369810
-0.239113,-0.187714,-2.270464
-0.104855,-0.010802,-2.270206
-0.249344,-0.023910,-2.191700
-0.023611,0.118206,-2.237853
-0.296968,0.050304,-2.139755
-0.199899,0.154921,-2.163114
-0.126052,-0.011332,-2.200032
-0.087625,0.025297,-2.233351
0.129338,-0.176664,-2.373810
-0.140623,-0.167376,-2.417344
-0.007349,-0.354239,-2.571702
-0.221265,-0.357842,-2.598662
-0.152398,-0.489500,-2.690927
-0.184750,-0.634388,-2.873996
-0.159501,-0.788715,-3.092574
0.061256,-0.858007,-3.348939
-0.197140,-0.945945,-3.559205
0.027667,-1.024109,-3.856718
-0.116834,-0.981803,-3.986293
-0.041916,-1.085526,-4.084255
0.277369,-0.989824,-4.312254
0.144222,-1.104573,-4.435220
0.197668,-1.068713,-4.655574
0.118833,-0.916093,-4.891381
0.373055,-0.796617,-5.172776
0.278967,-0.607589,-5.260198
0.288794,-0.420148,-5.495801
0.256099,-0.301618,-5.824114
0.393889,-0.166440,-6.110659
0.170721,-0.050564,-6.255760
0.437938,-0.081813,-6.530978
0.168284,0.175500,-6.622671
0.295507,0.215205,-6.727741
0.417761,0.206613,-6.976302
0.257204,0.319080,-7.132739
0.260171,0.176160,-7.250534
-0.000310,0.290614,-7.309591
0.092326,0.178629,-7.347901
0.059035,0.008707,-7.380725
0.022136,-0.163708,-7.337207
-0.095466,-0.286653,-7.278389
-0.201779,-0.423282,-7.243780
-0.270753,-0.534038,-7.193006
-0.389412,-0.561044,-7.119029
-0.417545,-0.620589,-7.031258
-0.396046,-0.677302,-6.901758
-0.406350,-0.724076,-6.758242
-0.386093,-0.727041,-6.642963
-0.247854,-0.677369,-6.532247
-0.154051,-0.583459,-6.431062
-0.135374,-0.484128,-6.402815
-0.026924,-0.406137,-6.334399
-0.040114,-0.250898,-6.187686
0.172738,-0.020303,-6.037691
0.131795,0.104534,-5.836430
0.397469,0.340902,-5.672569
0.243667,0.438083,-5.433438
0.477209,0.623340,-5.372744
0.251378,0.567975,-5.132617
0.504737,0.659036,-5.079228
0.422695,0.684188,-4.950138
0.181793,0.572902,-4.680576
0.312195,0.672859,-4.567733
0.251730,0.646279,-4.430871
0.347723,0.710487,-4.350850
0.064785,0.496589,-4.274170
0.257711,0.537534,-4.295205
0.168250,0.353214,-4.269648
0.005343,0.123961,-4.252927
0.235225,-0.034647,-4.389546
0.010464,-0.283208,-4.413375
-0.084836,-0.358785,-4.452344
0.037874,-0.589083,-4.637474
-0.230913,-0.627948,-4.717521
-0.209314,-0.741643,-4.876941
-0.389796,-0.838602,-4.988783
-0.179612,-1.001964,-5.175808
-0.335660,-0.933319,-5.202173
-0.081181,-1.040438,-5.315482
-0.151945,-1.047569,-5.318000
-0.176191,-1.045489,-5.350698
0.251031,-1.000745,-5.478355
0.168378,-0.842808,-5.539367
0.304013,-0.755254,-5.712371
0.179009,-0.555043,-5.866554
0.362275,-0.483279,-5.986876
0.396679,-0.331379,-6.204749
0.525585,-0.209084,-6.383342
0.382253,-0.061920,-6.543828
0.567399,-0.072493,-6.726294
0.372827,0.140743,-6.750980
0.553917,0.140999,-6.904168
0.275223,0.294104,-6.904459
0.346014,0.313991,-6.969940
0.411237,0.309132,-7.110895
0.113838,0.365616,-7.121094
0.260731,0.174007,-7.190968
0.047077,0.121140,-7.136142
0.248838,-0.044232,-7.164203
0.170863,-0.066875,-7.127700
0.047082,-0.247534,-7.010856
0.056140,-0.305290,-6.927930
-0.140618,-0.430580,-6.748079
0.059671,-0.506982,-6.647626
-0.149756,-0.660291,-6.456331
0.123116,-0.665188,-6.402175
-0.165226,-0.805936,-6.186875
0.030892,-0.805257,-6.152200
-0.175523,-0.974165,-5.985069
-0.071347,-1.007250,-5.947635
-0.116726,-1.142524,-5.891609
-0.435533,-1.093502,-5.778376
-0.258509,-0.999944,-5.716407
-0.313520,-0.939533,-5.556291
-0.228639,-0.800550,-5.401111
-0.498553,-0.711120,-5.190889
-0.401221,-0.538633,-5.160283
-0.321136,-0.327728,-5.038794
-0.487151,-0.276026,-4.783018
-0.321938,-0.145966,-4.715062
-0.338604,-0.114474,-4.598142
-0.203088,0.033006,-4.492055
-0.349569,0.087602,-4.354872
-0.093194,0.244599,-4.308077
-0.160457,0.228903,-4.235332
-0.155734,0.293524,-4.124040
0.015492,0.113147,-4.159406
-0.192475,0.231401,-4.071720
-0.005497,0.100666,-4.104449
-0.125064,0.129023,-4.048378
0.100991,-0.064128,-4.165001
-0.181804,0.101594,-4.117916
-0.094300,0.013929,-4.182695
0.013402,-0.120851,-4.312818
-0.000098,-0.167063,-4.418714
0.181368,-0.296147,-4.647532
0.036607,-0.267708,-4.818116
0.162113,-0.332035,-5.026567
0.010839,-0.325288,-5.154884
0.122087,-0.445483,-5.232779
0.114918,-0.326730,-5.345865
0.157119,-0.280819,-5.487232
0.351990,-0.258457,-5.679580
0.044896,-0.180815,-5.850078
0.263947,-0.097665,-6.103749
0.231945,0.070871,-6.205861
-0.124625,0.203359,-6.393591
-0.046320,0.188836,-6.639925
-0.015910,0.376411,-6.806968
0.008628,0.365292,-6.984552
-0.030161,0.467979,-7.201968
0.145753,0.462912,-7.399948
-0.148547,0.579722,-7.460118
-0.009458,0.562270,-7.535124
-0.074521,0.611169,-7.644031
-0.085057,0.470862,-7.686041
-0.278134,0.581581,-7.717009
0.063202,0.339324,-7.763628
-0.092717,0.183724,-7.742316
-0.311084,0.113458,-7.620653
-0.226456,-0.057976,-7.588670
-0.026456,-0.098264,-7.546670
-0.234509,-0.322174,-7.330068
0.019258,-0.436928,-7.266309
-0.007016,-0.560328,-7.113227
0.272330,-0.583388,-7.027330
-0.059279,-0.707678,-6.835232
0.034057,-0.711735,-6.803853
-0.073446,-0.852108,-6.731563
-0.326376,-0.955930,-6.599346
-0.087976,-0.946999,-6.580138
-0.138395,-0.807162,-6.501174
-0.094048,-0.805497,-6.429094
-0.370257,-0.618060,-6.340622
-0.244193,-0.564221,-6.169980
-0.308865,-0.426287,-6.023228
-0.373025,-0.262323,-5.831886
-0.377292,-0.104825,-5.653180
-0.533389,0.010306,-5.483959
-0.178385,0.150612,-5.458798
-0.276180,0.247162,-5.392747
-0.225551,0.378164,-5.248128
-0.017912,0.474933,-5.187442
-0.215150,0.545926,-5.076935
-0.001319,0.708048,-5.084749
-0.130315,0.652508,-5.006412
0.134744,0.702844,-5.065883
-0.037795,0.471166,-5.072416
-0.002544,0.411517,-5.099426
0.200148,0.288098,-5.208338
0.150105,0.062084,-5.277681
0.124742,0.015198,-5.367067
0.358306,-0.173206,-5.562267
-0.002408,-0.238989,-5.609462
0.099951,-0.403174,-5.789993
-0.034389,-0.451070,-5.819765
-0.119769,-0.621168,-5.962453
0.239348,-0.666801,-6.156714
-0.076529,-0.689482,-6.186233
-0.123194,-0.729559,-6.259163
-0.201544,-0.778050,-6.287995
0.041657,-0.665393,-6.389162
-0.169860,-0.574448,-6.451663
-0.033649,-0.497586,-6.587020
0.240976,-0.340530,-6.769654
0.087633,-0.187258,-6.803522
0.033444,0.057842,-6.920640
0.214602,0.150271,-7.116251
0.008382,0.367621,-7.170651
0.162644,0.414693,-7.307152
-0.032574,0.643836,-7.313877
0.263417,0.626748,-7.376739
0.039201,0.790208,-7.441018
-0.086596,0.810951,-7.455701
0.101635,0.802654,-7.553615
0.169616,0.800402,-7.605127
0.048596,0.552638,-7.523409
0.279794,0.691453,-7.567862
0.093304,0.503494,-7.471311
0.329730,0.597148,-7.511766
0.263714,0.458039,-7.443658
-0.068349,0.246398,-7.207835
0.100409,0.149721,-7.090804
0.161413,-0.017448,-6.929051
0.000402,-0.150796,-6.718753
0.328470,-0.263733,-6.565651
0.068054,-0.456078,-6.297233
0.068165,-0.489576,-6.236177
0.288884,-0.677055,-6.144427
0.137037,-0.725764,-5.974759
0.047898,-0.867522,-5.857384
-0.075596,-0.846382,-5.773697
-0.403278,-0.772495,-5.574282
-0.285285,-0.809307,-5.415459
-0.408087,-0.781688,-5.184786
-0.374297,-0.698313,-4.983825
-0.636534,-0.567322,-4.728742
-0.378710,-0.397752,-4.655212
-0.509071,-0.354398,-4.519655
-0.458872,-0.109134,-4.371659
-0.543728,-0.051467,-4.213402
-0.285686,0.097355,-4.076068
-0.443099,0.130386,-3.861979
-0.177664,0.302370,-3.778068
-0.283412,0.265397,-3.587823
-0.181643,0.355606,-3.542215
-0.087326,0.202654,-3.498109
-0.045672,0.221291,-3.449631
0.228329,0.068876,-3.495274
0.054161,-0.096639,-3.462784
0.140641,-0.088538,-3.505632
0.021232,-0.249140,-3.552017
0.253612,-0.200772,-3.701509
-0.042366,-0.265784,-3.729777
0.036516,-0.338309,-3.837301
0.338111,-0.476341,-4.070444
0.123953,-0.483054,-4.155368
0.039915,-0.614662,-4.302673
0.391753,-0.645094,-4.444608
-0.004449,-0.705546,-4.439143
0.021661,-0.603078,-4.526103
-0.011607,-0.666490,-4.560099
-0.238299,-0.583632,-4.611560
-0.097725,-0.479160,-4.765554
-0.142410,-0.293600,-4.894420
0.090907,-0.187264,-5.115995
-0.034609,-0.019552,-5.179141
-0.010272,0.119637,-5.357736
-0.015348,0.192572,-5.574777
0.052462,0.206480,-5.758047
-0.082227,0.306315,-5.888184
0.236985,0.314447,-6.041803
-0.027935,0.519892,-6.040982
0.128953,0.543552,-6.109850
0.211464,0.562555,-6.258266
0.015532,0.598771,-6.263356
0.064882,0.477965,-6.285438
-0.082532,0.416443,-6.231444
0.107278,0.255502,-6.175672
-0.135172,0.224191,-6.038635
-0.055799,0.083899,-6.009928
-0.004177,-0.048277,-5.920600
-0.299871,-0.249933,-5.706917
-0.098678,-0.242566,-5.623125
-0.047753,-0.396589,-5.468052
-0.128628,-0.451930,-5.292295
-0.036548,-0.599290,-5.114535
-0.221262,-0.650464,-4.886010
0.124492,-0.728872,-4.785354
-0.020534,-0.819690,-4.740220
-0.264602,-0.836217,-4.605185
-0.286759,-0.834273,-4.553482
-0.219786,-0.746494,-4.435053
-0.520327,-0.639454,-4.153732
-0.373460,-0.418827,-4.000441
-0.557242,-0.317819,-3.720659
-0.401875,-0.046048,-3.488995
-0.703578,0.040867,-3.312950
-0.653195,0.171097,-2.979260
-0.495247,0.236957,-2.700310
-0.633386,0.177934,-2.335735
-0.539569,0.359611,-2.052590
-0.662318,0.340895,-1.738932
-0.377551,0.456196,-1.505407
-0.560742,0.409200,-1.161876
-0.202573,0.418731,-1.033306
-0.254728,0.246760,-0.928357
-0.178523,0.292502,-0.700823
0.105783,0.119383,-0.586886
0.016328,0.149668,-0.476808
0.261775,-0.057568,-0.469293
0.138697,0.053586,-0.337698
0.294965,-0.087068,-0.328609
0.626008,-0.169061,-0.316232
0.293006,-0.270991,-0.174838
0.322973,-0.398403,-0.208182
0.668124,-0.401836,-0.337342
0.648363,-0.508760,-0.334372
0.508518,-0.572247,-0.353414
0.823474,-0.693890,-0.490885
0.524625,-0.639340,-0.419760
0.609310,-0.569190,-0.476514
0.442490,-0.494662,-0.512060
0.634094,-0.468252,-0.625974
0.403891,-0.341177,-0.686876
0.411402,-0.215319,-0.747575
0.503602,-0.138413,-0.852498
0.217258,0.140944,-0.954694
0.161420,0.284381,-1.048397
-0.091407,0.443305,-1.055923
0.022577,0.467524,-1.049878
-0.299858,0.741478,-0.944847
-0.150855,0.740360,-0.910892
-0.410792,0.932091,-0.773605
-0.547438,0.913636,-0.681752
-0.421963,0.934194,-0.561610
-0.436682,0.921875,-0.407362
-0.448398,0.755827,-0.176126
-0.594223,0.814178,0.085527
-0.338570,0.653046,0.349527
-0.433679,0.606219,0.517141
-0.659963,0.409640,0.857792
-0.416581,0.396478,1.128392
-0.384005,0.282838,1.450876
-0.286529,0.217976,1.746396
-0.400963,0.038365,2.134632
-0.060329,0.038269,2.395071
-0.151054,-0.044335,2.764702
-0.376433,-0.145540,3.108387
-0.111485,-0.154285,3.199445
0.182621,-0.120245,3.433904
-0.144118,-0.106899,3.792594
0.007900,0.073966,4.048078
0.042814,0.080802,4.401059
0.129800,0.261287,4.801685
-0.085289,0.342776,5.205314
0.076674,0.469128,5.382927
0.115986,0.538734,5.745592
0.034719,0.541304,6.184075
0.216267,0.579093,6.512257
0.002360,0.466208,6.841973
0.103297,0.591212,7.054791
-0.110759,0.535642,7.358289
0.134491,0.633283,7.523212
-0.105223,0.507848,7.804855
-0.024766,0.589270,7.900495
0.219100,0.384833,7.998739
0.013128,0.413750,8.212843
0.030065,0.255872,8.319435
-0.159217,0.174274,8.411656
0.046107,0.019946,8.382785
-0.079066,-0.013718,8.423206
-0.179110,-0.101370,8.461214
0.123156,-0.252510,8.343636
-0.065454,-0.299771,8.359236
-0.085577,-0.482273,8.288425
0.003024,-0.499686,8.254735
0.045189,-0.680393,8.229101
0.130135,-0.640895,8.190011
0.165188,-0.712686,8.195841
0.235113,-0.829164,8.205101
0.304985,-0.801458,8.186763
0.328814,-0.692644,8.149811
0.347236,-0.651174,8.074910
0.379037,-0.531443,7.978460
0.340781,-0.384617,7.868664
0.437044,-0.308113,7.809834
0.199961,-0.021289,7.699571
0.180848,0.176299,7.607374
0.045308,0.319028,7.596672
0.231038,0.325896,7.584412
-0.052668,0.605423,7.684396
0.175095,0.582052,7.647140
0.074894,0.712626,7.697216
-0.106479,0.769778,7.800740
0.106328,0.748945,7.801710
0.083650,0.687457,7.882608
0.166849,0.482308,7.990833
-0.041194,0.494444,8.156193
0.282814,0.330578,8.248089
0.217741,0.319363,8.359310
-0.112150,0.100868,8.663675
0.014870,0.005825,8.836070
0.165093,-0.121522,9.040641
-0.025722,-0.305461,9.356988
0.338150,-0.332964,9.520775
0.142448,-0.552910,9.818146
0.288978,-0.567322,9.936243
0.150056,-0.701708,10.088792
0.157153,-0.794128,10.274617
0.042728,-0.871936,10.463999
-0.102903,-0.814371,10.660654
-0.279802,-0.808003,10.866713
-0.376070,-0.758833,11.111206
-0.593674,-0.684924,11.405993
-0.299271,-0.594050,11.645984
-0.540719,-0.526904,11.796620
-0.554407,-0.356176,12.108532
-0.277338,-0.300308,12.260767
-0.377945,-0.263689,12.484931
-0.276515,0.051133,12.629124
-0.410190,0.008619,12.812336
-0.102651,0.185432,12.893175
-0.303521,0.253619,13.142500
-0.192562,0.380535,13.204087
-0.097242,0.311406,13.320979
-0.039835,0.394989,13.445382
0.221351,0.178121,13.451590
0.021852,0.247341,13.582687
0.153256,0.085696,13.584204
0.053693,0.074597,13.643711
0.318526,-0.141476,13.604932
0.201166,-0.206749,13.506597
0.181972,-0.270480,13.443938
0.352468,-0.390673,13.288619
0.182650,-0.359792,13.196435
0.180465,-0.445089,13.045817
0.259384,-0.419640,12.949282
0.231587,-0.513191,12.870045
0.313343,-0.432367,12.829358
0.330485,-0.516971,12.808270
0.373992,-0.466882,12.759482
0.419525,-0.376505,12.650906
0.437089,-0.291160,12.479129
0.475391,-0.168756,12.239436
0.377587,-0.011898,12.086169
0.357934,0.265064,11.695263
0.491297,0.343876,11.439234
0.123950,0.468236,11.339273
0.142206,0.562726,11.169587
-0.033826,0.819906,11.062439
0.193537,0.802506,10.865866
-0.115332,0.969207,10.832143
-0.036038,0.997176,10.738241
0.014805,0.993151,10.609159
-0.235200,1.077288,10.578457
-0.015351,0.884591,10.483305
-0.019983,0.784625,10.498755
0.078730,0.634111,10.580052
-0.117834,0.490381,10.649168
0.174015,0.263988,10.658323
0.090007,0.250362,10.731973
0.101598,0.113693,10.818595
0.111750,-0.003819,10.863292
-0.038932,-0.248448,11.002672
0.139471,-0.307844,11.036260
0.092486,-0.476284,11.184229
0.202795,-0.455049,11.191341
0.128804,-0.527663,11.250693
0.154314,-0.492303,11.282739
0.201004,-0.619830,11.322285
0.034022,-0.378739,11.415558
0.401252,-0.541478,11.457735
0.331940,-0.427877,11.542001
0.276727,-0.179262,11.744906
0.327950,-0.071348,11.866281
0.177704,0.151412,12.025786
0.463398,0.282051,12.168062
0.262403,0.320755,12.373950
0.343211,0.525792,12.411560
0.373344,0.629218,12.443180
0.349872,0.713762,12.510982
0.470390,0.823358,12.495161
0.277268,0.869928,12.492491
0.370333,0.936951,12.391767
0.133972,0.840082,12.306773
0.305259,0.763643,12.134242
0.031928,0.525948,12.018066
0.094353,0.481889,11.915637
0.071411,0.282275,11.669224
0.111876,0.137932,11.417289
0.126348,-0.064669,11.129587
0.229919,-0.127467,10.854115
0.054558,-0.235730,10.580604
0.065953,-0.374557,10.386313
0.146103,-0.557521,9.999393
-0.058358,-0.557391,9.697250
-0.141409,-0.613806,9.417896
0.049491,-0.654101,9.136343
-0.355109,-0.665459,8.974450
-0.428321,-0.582231,8.739163
-0.491442,-0.656224,8.518052
-0.238959,-0.412893,8.186314
-0.427761,-0.281023,7.896664
-0.182460,-0.188479,7.545359
-0.344235,0.017907,7.196359
-0.146267,0.064136,6.992739
-0.051355,0.189459,6.638716
-0.026903,0.140579,6.319285
0.213138,0.278185,5.963345
0.030938,0.242231,5.811860
0.269982,0.270126,5.527167
0.063933,0.444885,5.387300
0.186990,0.471676,5.249607
0.227239,0.584445,5.011867
0.114675,0.442392,4.902122
0.344397,0.558799,4.672043
0.087362,0.382458,4.615826
0.196389,0.473975,4.507584
0.247758,0.402351,4.389895
-0.001802,0.262599,4.440358
0.191844,0.213173,4.378646
0.163535,0.077742,4.413564
0.233565,-0.007810,4.445751
0.045692,-0.209154,4.588050
0.363047,-0.205576,4.610009
0.303254,-0.295149,4.682583
0.103200,-0.335627,4.770385
0.222988,-0.483780,4.789886
0.084356,-0.508827,4.868147
0.069861,-0.592850,4.914804
-0.150107,-0.549788,5.019414
-0.014864,-0.492220,5.079079
-0.293753,-0.426698,5.237634
-0.250225,-0.283798,5.267864
-0.327488,-0.150460,5.394734
-0.294570,-0.049307,5.603288
-0.511258,0.023664,5.795989
-0.299088,0.207288,5.823922
-0.559578,0.126698,5.991755
-0.427250,0.260394,5.992277
-0.369939,0.322112,6.082463
-0.258254,0.340094,6.201623
-0.338292,0.355347,6.302380
-0.062803,0.426278,6.273527
-0.330507,0.359010,6.352849
-0.030958,0.368967,6.259065
-0.119595,0.147481,6.243833
-0.239098,0.035774,6.192312
-0.091257,0.070084,6.060491
-0.088224,-0.091605,5.930956
0.104154,-0.154104,5.732339
-0.138092,-0.311257,5.555803
0.108950,-0.252041,5.290089
0.001169,-0.353083,5.195802
-0.020941,-0.517568,4.974749
0.131834,-0.600258,4.692213
0.010181,-0.692963,4.465882
-0.019416,-0.751723,4.248537
0.207287,-0.762555,4.042523
-0.268189,-0.787656,3.955208
-0.143686,-0.695860,3.850649
-0.212758,-0.542651,3.637138
-0.393803,-0.447625,3.439449
-0.182974,-0.303070,3.140142
-0.279756,-0.035537,2.952007
-0.108505,0.094545,2.673597
-0.252144,0.302994,2.485552
0.067987,0.318080,2.182807
-0.008740,0.443554,2.122310
-0.111674,0.444747,1.967974
0.169804,0.407322,1.721477
0.131620,0.567785,1.570145
0.244606,0.516850,1.398358
0.081422,0.598848,1.303958
0.333746,0.421103,1.151381
0.106948,0.477136,1.127395
0.208208,0.322755,1.069026
0.214467,0.186087,1.017845
0.063024,-0.013938,1.088373
0.271276,-0.213838,1.101236
0.067150,-0.220356,1.181037
0.224103,-0.331522,1.197561
0.057852,-0.254346,1.333517
0.347058,-0.375390,1.384697
0.018211,-0.346947,1.569562
0.016260,-0.450712,1.609200
0.422836,-0.550556,1.590384
0.142852,-0.488042,1.696315
0.093136,-0.530304,1.682390
0.043123,-0.504862,1.651840
-0.379478,-0.374114,1.695898
-0.203183,-0.351051,1.660610
-0.399074,-0.297914,1.734943
-0.294181,-0.089292,1.696728
-0.416778,-0.028089,1.743050
-0.628874,0.000852,1.840485
-0.364537,0.139095,1.775625
-0.523625,0.033928,1.824692
-0.281422,0.179146,1.709836
-0.400870,0.110291,1.744531
-0.421371,0.143148,1.738623
-0.259828,0.176929,1.663130
-0.403488,0.152554,1.707083
-0.183516,0.341455,1.646665
-0.285971,0.403464,1.713274
-0.006661,0.767608,1.699813
-0.084522,0.883528,1.751239
-0.218339,0.883107,1.794141
0.020777,0.827224,1.735288
0.181849,0.912268,1.858977
0.522237,0.595700,1.885304
0.774063,0.319745,1.861740
0.652889,0.142133,1.891418
0.373638,-0.187385,1.951790
0.675292,-0.534671,1.844837
0.605451,-0.774308,1.893627
0.562533,-1.125905,1.912811
0.816393,-1.389094,1.928039
0.382861,-1.552265,2.106910
0.486886,-1.567767,2.138268
0.442843,-1.759407,2.212716
0.265207,-1.749249,2.305594
0.467550,-1.766320,2.272858
0.369647,-1.717220,2.341583
0.578076,-1.845586,2.303324
0.451356,-1.805593,2.321257
0.421941,-1.867811,2.373712
0.565109,-1.882674,2.368145
0.196268,-1.856359,2.540316
0.224529,-1.822557,2.606339
0.011718,-1.537840,2.776390
0.082674,-1.564029,2.833540
-0.029625,-1.257125,3.001836
-0.039425,-0.952970,3.138470
-0.266307,-0.651353,3.164729
-0.420279,0.031547,3.112952
-0.222211,0.187508,3.095308
-0.081676,0.518274,3.126959
-0.419582,0.735905,3.352584
-0.314295,0.850983,3.414842
-0.318962,0.792243,3.587758
-0.352552,0.697437,3.739124
-0.453395,0.635817,4.010614
-0.523289,0.500949,4.298781
-0.520202,0.340460,4.621387
-0.519890,0.120869,4.965431
-0.491221,0.009095,5.282031
-0.392912,-0.102371,5.592469
-0.258552,-0.166803,5.869629
-0.273634,-0.184448,6.145640
-0.144259,-0.171236,6.269322
-0.036881,-0.128216,6.577091
-0.096246,-0.030549,6.907443
0.270903,0.040467,7.162297
0.166012,0.067141,7.486183
0.480182,0.257635,7.614184
0.414528,0.228362,7.751856
0.235864,0.251047,8.043487
0.440950,0.366927,8.190691
0.517336,0.304004,8.387909
0.654231,0.348860,8.601981
0.539908,0.244873,8.760298
0.783061,0.376416,8.841918
0.533017,0.332895,9.078044
0.593575,0.446838,9.163924
0.917339,0.636365,9.400141
0.786586,0.835141,9.755707
0.742188,0.896944,9.988575
0.779959,0.922051,10.094635
0.708149,0.762996,10.205206
0.853216,0.644294,10.210165
0.447841,0.321312,10.207248
0.484109,0.236509,10.191561
0.437091,0.031843,10.171044
0.364396,-0.187245,10.098561
0.483833,-0.459376,9.945622
0.193122,-0.522248,9.909294
0.224497,-0.691655,9.800433
-0.061774,-0.746144,9.828956
0.098771,-0.839366,9.762412
-0.135376,-0.800642,9.764661
-0.058808,-0.873259,9.734224
0.134811,-0.938908,9.592468
-0.074837,-0.855334,9.536404
0.078085,-0.884955,9.410351
-0.119541,-0.744335,9.449024
0.113952,-0.808624,9.371369
0.022533,-0.637819,9.412610
-0.018749,-0.631371,9.452265
0.001150,-0.500146,9.438202
-0.161745,-0.530228,9.535299
0.138831,-0.310124,9.517245
0.025719,-0.303521,9.662047
0.210234,-0.079456,9.662739
0.120013,0.089056,9.718103
0.164403,0.391110,9.739448
0.128220,0.631071,9.754283
0.128203,0.743360,9.850054
0.014912,0.966361,9.949938
0.216683,0.950470,10.048256
0.009993,0.892706,10.237451
0.061947,0.756797,10.283181
0.041299,0.732631,10.338250
-0.061159,0.439033,10.456561
-0.167820,0.416579,10.541351
-0.214733,0.182235,10.651775
-0.234509,0.131930,10.759580
-0.210870,-0.116915,10.854297
-0.130969,0.013114,10.918211
-0.143757,-0.127265,10.932196
-0.160108,-0.206172,10.995278
-0.094145,-0.163567,11.068367
-0.091590,-0.122578,11.193954
-0.011918,-0.113159,11.316199
-0.091102,-0.049978,11.448240
0.326339,0.014161,11.458869
0.256165,0.015904,11.512852
0.093910,0.024116,11.595939
0.312341,0.144762,11.519490
0.307252,0.124099,11.506293
0.445600,0.230411,11.473389
0.185465,0.130989,11.461920
0.419571,0.280053,11.350172
0.175867,0.230898,11.405336
0.265054,0.387581,11.370188
0.219121,0.606067,11.414555
0.246141,0.694418,11.454171
0.190338,0.756661,11.427701
0.298520,0.744138,11.366176
-0.089575,0.674698,11.359156
0.017987,0.525902,11.295526
-0.305649,0.072628,11.082467
-0.264666,0.094627,10.957922
-0.119827,-0.122216,10.671895
-0.275511,-0.309209,10.495360
-0.358400,-0.591514,10.316724
-0.054558,-0.745301,10.111192
-0.379968,-0.888616,10.063920
-0.340238,-1.055005,9.930470
-0.471140,-1.138594,9.903831
-0.238796,-1.139964,9.749108
0.111454,-1.231692,9.579913
-0.051582,-1.144731,9.554325
-0.040257,-1.207875,9.411307
0.178936,-1.202697,9.183617
-0.016366,-1.205594,9.111464
0.174275,-1.235669,8.950440
0.041716,-1.050318,8.941515
0.333621,-1.240567,8.838269
0.067163,-0.950630,8.902054
0.170463,-0.965358,8.862520
0.221164,-0.748510,8.845192
0.069278,-0.697868,8.915760
0.304058,-0.486050,8.823499
0.158299,-0.163306,8.817761
0.333736,0.177750,8.655845
0.074431,0.475823,8.652339
0.198150,0.483059,8.588416
0.256704,0.728616,8.510529
0.015074,0.810214,8.601047
0.226150,0.694857,8.595861
0.159620,0.616197,8.712629
0.325039,0.521900,8.805103
0.192253,0.308807,8.924058
0.079862,0.099023,9.042280
0.037073,-0.160987,9.127071
-0.137810,-0.357984,9.269844
-0.092595,-0.495172,9.356536
-0.149036,-0.605922,9.446835
-0.281791,-0.789109,9.506629
-0.307235,-0.728329,9.538775
-0.384158,-0.654740,9.662365
-0.458924,-0.750420,9.799094
-0.473692,-0.622470,9.922191
-0.528782,-0.572950,10.060572
-0.343034,-0.502710,10.152221
-0.375802,-0.501244,10.213218
-0.260988,-0.365141,10.276672
-0.199258,-0.461443,10.270608
-0.049088,-0.345516,10.318850
-0.215838,-0.391302,10.314290
0.157781,-0.102166,10.209723
0.138502,-0.167604,10.215205
-0.134334,-0.078659,10.322498
-0.041648,0.327627,10.359688
-0.025874,0.647833,10.477910
0.182165,0.957958,10.548765
-0.117979,0.923383,10.593048
-0.043309,1.019853,10.663336
0.290759,1.016529,10.568893
0.101927,0.874947,10.578580
-0.018714,0.676455,10.501453
0.220014,0.550774,10.313697
-0.199632,0.386387,10.259973
0.002506,0.157899,10.056240
-0.094166,0.032073,10.036925
-0.072121,-0.362353,9.904737
0.210969,-0.654969,9.760756
-0.107726,-0.876510,9.759181
-0.020206,-0.947369,9.661074
-0.001534,-1.150182,9.648508
0.139329,-1.280536,9.560690
0.179648,-1.346744,9.449714
0.328828,-1.484881,9.318390
0.185094,-1.498362,9.230789
0.401224,-1.623667,9.102160
0.136269,-1.576866,9.174984
0.183314,-1.679344,9.163212
0.226809,-1.664884,9.182011
0.013212,-1.657905,9.272171
0.231430,-1.570899,9.221568
0.086168,-1.447408,9.304454
0.230298,-1.256529,9.268499
-0.045730,-1.021299,9.361384
0.206425,-0.747495,9.232525
0.086698,-0.558160,9.235260
0.038690,-0.144513,9.134817
-0.001729,0.055108,9.054206
-0.191778,0.207654,9.077544
0.101129,0.252451,9.024927
-0.073588,0.227035,9.106144
0.214835,-0.058140,9.113833
0.106589,-0.004918,9.197424
0.144297,-0.125292,9.293172
-0.043566,-0.143607,9.447254
0.092548,-0.417043,9.563323
-0.305737,-0.333525,9.742581
-0.112877,-0.556348,9.749466
-0.154495,-0.605726,9.799816
-0.321824,-0.731317,9.876235
-0.224249,-0.658158,9.881740
-0.467546,-0.557275,9.999505
-0.471714,-0.515142,10.053021
-0.711042,-0.509849,10.195566
-0.619866,-0.382640,10.213106
-0.662458,-0.280998,10.286854
-0.610634,-0.195430,10.362129
-0.757994,-0.178141,10.422252
-0.416509,0.054701,10.342765
-0.507740,-0.011591,10.381645
-0.471116,0.058204,10.382642
-0.405445,0.072949,10.355448
-0.349069,0.198162,10.396101
-0.139651,0.244314,10.436168
-0.273593,0.437395,10.582302
-0.127929,0.588339,10.593241
-0.025044,0.895282,10.687633
0.014825,0.958599,10.777357
0.282381,0.989897,10.775550
0.010929,0.972580,10.868817
0.136977,0.821383,10.795843
-0.050602,0.441575,10.754836
0.164082,0.446092,10.564472
0.045830,0.233494,10.508517
0.073066,0.055798,10.344858
0.449243,-0.208366,10.110072
0.216410,-0.423551,10.037588
0.248150,-0.701374,9.877716
0.125307,-0.851621,9.807177
0.395642,-0.996074,9.676893
0.292825,-1.060959,9.612287
0.380772,-1.140564,9.557338
0.649500,-1.248022,9.373927
0.565341,-1.204176,9.278767
0.623679,-1.268518,9.154726
0.488168,-1.195864,9.044399
0.746590,-1.312560,8.886262
0.605353,-1.191428,8.902785
0.528440,-1.209693,8.914334
0.692084,-1.086828,8.821830
0.403643,-1.032709,8.875089
0.387218,-0.869099,8.837924
0.115891,-0.836978,8.930017
0.286092,-0.550292,8.837940
0.165104,-0.395771,8.855853
0.041902,-0.019592,8.800185
0.094530,0.306025,8.650957
-0.141726,0.504071,8.641900
0.039619,0.582099,8.550427
-0.088659,0.757759,8.578126
0.176953,0.587239,8.576835
0.098053,0.488809,8.669880
-0.205927,0.407460,8.888936
-0.050590,0.333118,8.968446
-0.006302,0.053284,9.091494
-0.349992,0.024389,9.223214
0.031445,-0.216220,9.218601
-0.117107,-0.326714,9.336312
0.015229,-0.513046,9.283924
-0.232825,-0.564125,9.347459
-0.109530,-0.451685,9.330779
-0.101723,-0.412674,9.367929
-0.348813,-0.483917,9.500091
-0.170558,-0.426254,9.515109
-0.368465,-0.462624,9.627073
-0.213897,-0.338997,9.586716
-0.364855,-0.383200,9.639857
-0.391179,-0.268837,9.643528
-0.430414,-0.332652,9.603632
-0.355783,-0.181838,9.632797
-0.558126,-0.244853,9.634559
-0.269831,0.011140,9.528951
-0.323029,-0.047506,9.532451
-0.320892,0.117294,9.518384
-0.121882,0.396439,9.555873
-0.313089,0.694646,9.723701
-0.131543,0.883391,9.755173
-0.229561,0.973071,9.836938
-0.251393,1.064921,9.915404
-0.071303,0.961665,9.837936
-0.302650,0.939173,9.824226
-0.164966,0.648524,9.664998
-0.348390,0.671410,9.603483
-0.071314,0.338776,9.356681
-0.199920,0.172755,9.273904
0.005946,0.166549,9.179261
0.105880,0.098875,9.004914
0.183704,-0.076293,8.858733
0.183385,-0.184166,8.710055
0.272819,-0.227446,8.543185
0.289012,-0.214130,8.417915
0.345793,-0.241817,8.227423
0.368852,-0.233614,8.037573
0.403983,-0.237392,7.839355
0.348311,-0.197883,7.656935
0.435823,-0.167742,7.559301
0.173227,-0.033958,7.463035
0.075610,-0.045754,7.388477
-0.050817,0.075178,7.329680
-0.021412,0.072516,7.330650
-0.308235,0.266961,7.367876
-0.143951,0.159767,7.327307
-0.144920,0.288487,7.332088
-0.118357,0.409056,7.328126
-0.219285,0.536796,7.205042
-0.081991,0.779908,7.011738
-0.188303,0.768087,7.015103
-0.180092,0.950489,6.979358
-0.068889,1.118104,6.924835
-0.234885,0.947327,7.027636
0.030931,0.982872,7.004618
0.111276,0.671660,7.103938
0.069215,0.597299,7.248298
0.127166,0.321209,7.381131
0.008648,0.157805,7.487140
-0.101858,-0.005287,7.625087
-0.105300,-0.172518,7.732557
-0.070669,-0.358282,7.847823
-0.121177,-0.488453,7.955638
-0.007971,-0.591757,7.976821
-0.072428,-0.548743,8.082652
0.211415,-0.540340,8.130454
0.002246,-0.537393,8.279252
0.095890,-0.350802,8.313284
0.208817,-0.330340,8.354287
0.010750,-0.341456,8.490270
0.127199,-0.138402,8.477556
-0.061678,-0.336984,8.514344
0.026876,-0.216228,8.464875
-0.111800,-0.173652,8.459704
-0.053350,-0.054362,8.454217
0.113331,0.017993,8.396093
-0.087620,0.060629,8.384880
-0.002090,0.277611,8.302786
-0.256063,0.403995,8.364274
-0.157477,0.634720,8.403043
0.059583,0.777807,8.395017
-0.171653,0.769152,8.479369
-0.084713,0.921771,8.442551
-0.377228,0.934462,8.464010
-0.269356,0.780209,8.369832
-0.036446,0.468555,8.138151
-0.289449,0.358876,8.050717
-0.140324,0.084934,7.839190
-0.277658,-0.043647,7.772478
0.022659,-0.166625,7.682627
0.147685,-0.479997,7.397087
-0.059821,-0.530505,7.393015
-0.141452,-0.683670,7.324892
0.303067,-0.664425,7.196977
0.192274,-0.887252,7.172743
0.256535,-0.879169,7.096309
0.440517,-0.764411,6.919945
0.285924,-0.857785,6.803680
0.539277,-0.790222,6.614214
0.550854,-0.822136,6.594019
0.512088,-0.859805,6.542364
0.819673,-0.739093,6.383468
0.573628,-0.732347,6.432203
0.609740,-0.632364,6.352577
0.291830,-0.556396,6.442891
0.384062,-0.306022,6.350082
0.475665,-0.330070,6.340005
0.014554,-0.091553,6.378726
0.149676,0.105176,6.375624
0.105446,0.323582,6.179146
-0.147104,0.642485,6.070187
-0.018869,0.751796,5.967761
-0.078215,0.873472,5.942812
0.086843,0.831026,5.952779
-0.173635,0.712273,6.104513
-0.034225,0.481423,6.117755
0.023387,0.275523,6.214361
-0.237612,0.069885,6.400414
-0.035181,-0.048693,6.490068
-0.056549,-0.266258,6.628138
-0.169097,-0.380280,6.757832
-0.205720,-0.612015,6.844309
-0.321685,-0.646972,6.959774
-0.330672,-0.812827,7.012817
-0.464838,-0.676876,7.131236
-0.295026,-0.641065,7.187676
-0.483973,-0.698032,7.326185
-0.258536,-0.599198,7.373735
-0.320561,-0.593295,7.473006
-0.542837,-0.540956,7.609325
-0.216000,-0.361483,7.563129
-0.400634,-0.457980,7.581778
-0.261006,-0.364444,7.555170
-0.211471,-0.246374,7.476559
-0.291713,-0.151476,7.487965
-0.063269,-0.017465,7.429212
-0.284982,0.036467,7.487693
-0.046956,0.288498,7.391682
-0.278199,0.422679,7.489612
-0.017640,0.829779,7.481007
-0.266419,0.977745,7.645700
-0.032378,1.040956,7.607788
-0.083311,0.949147,7.621634
-0.238548,0.874394,7.646353
-0.084841,0.728472,7.508797
-0.195393,0.349916,7.382949
-0.148585,0.369407,7.191845
-0.104742,0.129097,6.973372
0.136620,0.223973,6.730205
-0.185281,0.055145,6.630006
0.045499,-0.105540,6.327289
0.472907,-0.279014,6.196145
0.297992,-0.397936,6.081394
0.083915,-0.429456,6.024123
0.415761,-0.398762,5.834836
0.322107,-0.318439,5.774684
0.432762,-0.405698,5.609041
0.262025,-0.318379,5.525271
0.434238,-0.273600,5.349369
0.449044,-0.232980,5.151395
0.613577,-0.239470,4.984242
0.351907,-0.103075,4.918041
0.569238,-0.258003,4.763383
0.283936,-0.050359,4.771211
0.480166,-0.088916,4.708093
0.338154,0.095498,4.616884
0.153677,0.052638,4.627018
0.314558,0.209533,4.487100
0.129961,0.482107,4.420287
0.156801,0.735755,4.229368
-0.095910,1.071951,4.116865
0.162072,1.125516,3.928671
0.054783,1.189821,3.908496
0.026125,1.326589,3.828847
-0.028420,1.117798,3.811256
-0.262413,0.889555,3.927420
0.048296,0.808424,3.941207
-0.117739,0.641259,3.998456
-0.004885,0.252462,4.131899
0.029733,0.161264,4.151280
-0.084018,-0.085568,4.246619
-0.191554,-0.204437,4.346808
-0.197205,-0.411315,4.367408
-0.311487,-0.439149,4.384768
-0.314008,-0.615787,4.408772
-0.439834,-0.467675,4.498877
-0.477582,-0.433417,4.575569
-0.445268,-0.551347,4.741723
-0.513206,-0.441889,4.934695
-0.397404,-0.368164,5.123143
-0.545205,-0.388413,5.324905
-0.371960,-0.218878,5.351531
-0.216991,-0.085481,5.419089
-0.385654,-0.063026,5.603393
-0.159202,0.147472,5.641099
-0.242945,0.157226,5.727518
-0.037978,0.314422,5.744536
-0.278159,0.269790,5.856524
-0.153231,0.359497,5.831574
-0.082425,0.253125,5.784656
0.079057,0.299772,5.764785
0.112650,0.184899,5.658816
0.345502,0.153120,5.520185
0.089713,-0.001253,5.393828
0.386118,-0.014141,5.287692
0.318228,-0.133295,5.113992
0.266715,-0.138197,5.063142
0.397473,-0.302529,4.870624
0.293993,-0.332238,4.757313
0.365833,-0.458650,4.543487
0.252881,-0.427173,4.442808
0.237670,-0.544091,4.235846
0.320673,-0.549537,4.129338
0.439042,-0.567094,3.951920
0.376333,-0.562424,3.783642
0.376045,-0.500801,3.521395
0.355749,-0.460913,3.280952
0.373288,-0.432663,3.158954
0.195904,-0.248823,2.888372
0.100120,-0.007321,2.615365
-0.086691,0.125865,2.332816
-0.123395,0.300858,2.107824
-0.460332,0.465070,1.947553
-0.313139,0.540740,1.780076
-0.607238,0.877090,1.717785
-0.552822,0.880693,1.676535
-0.637029,1.027815,1.622237
-0.739259,1.077245,1.635065
-0.767071,1.284497,1.633288
-1.000370,1.177872,1.769302
-0.747199,1.383156,1.750880
-0.917274,1.253367,1.857461
-0.778021,1.335261,1.885319
-0.993361,1.096881,2.050732
-0.868251,1.180398,2.096940
-0.788758,1.147745,2.211516
-1.045552,0.958446,2.409674
-0.753697,0.823712,2.511810
-0.841468,0.617941,2.746247
-0.517927,0.536705,2.847927
-0.599869,0.348180,2.979311
-0.477734,0.163285,3.146632
-0.477485,-0.047800,3.327389
-0.573926,-0.176220,3.510052
-0.477263,-0.268487,3.693700
-0.597551,-0.344466,3.982360
-0.247928,-0.396099,4.194265
-0.358066,-0.419347,4.496746
-0.587983,-0.422545,4.815221
-0.091605,-0.186372,4.891163
-0.056249,-0.158558,5.010020
-0.318080,-0.188414,5.319737
-0.269720,0.089876,5.531186
-0.122972,0.123309,5.703085
-0.285041,0.330681,5.964480
0.113116,0.320037,6.003546
-0.007323,0.411569,6.210217
0.279216,0.470838,6.245764
0.164011,0.600229,6.316974
0.155339,0.498152,6.413501
0.378509,0.499260,6.412207
0.336959,0.425222,6.441588
0.453140,0.452627,6.419602
0.274019,0.297808,6.357218
0.403396,0.250523,6.284876
0.390353,0.114262,6.210479
0.402953,0.095888,6.129543
0.576601,-0.076836,5.973052
0.358233,-0.112982,5.904536
0.450598,-0.249027,5.734261
0.061074,-0.274491,5.702724
0.072177,-0.391023,5.629648
0.179394,-0.395007,5.549545
-0.016824,-0.512685,5.540110
0.122327,-0.478560,5.399432
-0.059756,-0.433351,5.320993
0.151736,-0.396637,5.122240
0.050815,-0.281755,5.038118
0.059871,-0.148162,4.875052
0.230063,-0.089398,4.672237
0.026520,0.122517,4.511035
0.162941,0.144985,4.321621
0.036440,0.265775,4.281042
0.228205,0.245929,4.157647
-0.018812,0.409983,4.155275
0.098668,0.386832,4.083151
0.137745,0.446434,4.001927
0.031282,0.456548,3.997756
0.252621,0.423016,3.894833
0.026784,0.408767,3.930028
0.154606,0.226898,3.904819
0.073626,0.235529,3.940250
0.114854,0.122586,4.057574
0.050285,0.092373,4.181625
0.019025,-0.088292,4.364338
-0.113152,0.003386,4.552165
-0.020607,-0.124063,4.721166
-0.113593,0.008678,4.947501
0.002086,-0.124102,5.051587
0.097490,-0.105825,5.263899
-0.159329,-0.199407,5.502673
0.160707,-0.274830,5.590024
0.268556,-0.356512,5.638094
0.278656,-0.453170,5.713250
0.173094,-0.349845,5.814484
0.183225,-0.317557,5.946446
-0.036360,-0.210471,6.185208
-0.085477,-0.131469,6.339914
-0.056572,0.003013,6.660492
-0.174349,0.080333,6.988815
-0.053776,0.276763,7.296941
-0.225373,0.309733,7.604272
-0.033414,0.423009,7.772881
-0.304020,0.410041,7.901325
-0.211657,0.474450,8.157743
-0.050134,0.482155,8.353649
-0.249051,0.413794,8.674721
-0.136260,0.520539,8.879749
-0.299187,0.295267,9.079728
-0.000295,0.382358,9.146126
-0.068602,0.342901,9.198821
0.011746,0.178890,9.286490
0.212409,0.138629,9.316137
0.128731,0.017162,9.307309
0.289383,-0.011450,9.250124
0.040216,-0.191128,9.253769
0.239894,-0.125730,9.159438
0.125050,-0.178392,9.198477
-0.008517,-0.369516,9.195286
0.242341,-0.231422,9.072779
0.022872,-0.327359,9.101556
0.062570,-0.322662,9.014270
0.011397,-0.462028,8.995373
0.213909,-0.301561,8.902477
0.125266,-0.419434,8.890928
0.216021,-0.400843,8.850699
0.359134,-0.264992,8.746911
0.129439,-0.082500,8.621165
0.170459,0.029531,8.442483
-0.059140,0.315457,8.280441
0.115764,0.438322,8.212876
-0.038243,0.605089,8.103369
-0.126164,0.732296,8.087568
-0.016039,0.818783,8.021464
-0.255903,1.084191,8.089760
-0.110779,1.130159,8.108336
-0.279523,1.271607,8.196471
-0.253785,1.274264,8.241032
-0.174610,1.374936,8.310838
-0.481443,1.192338,8.545011
-0.343083,1.231177,8.655106
-0.311823,1.061280,8.821413
-0.314728,0.948760,9.064989
-0.348928,0.784563,9.338900
-0.371610,0.611179,9.632893
-0.445740,0.481917,9.799057
-0.439885,0.436151,10.110711
-0.380825,0.339857,10.471912
-0.403018,0.243665,10.874032
-0.374194,0.198107,11.218226
-0.255470,0.118369,11.579403
-0.116560,0.111660,11.926082
-0.059894,0.136384,12.239548
0.092436,0.072913,12.368109
0.088971,0.217261,12.650882
0.109469,0.429754,12.993840
0.247088,0.471667,13.355167
0.224343,0.607901,13.767895
0.575970,0.658601,14.153365
0.381309,0.665851,14.601494
0.483887,0.819208,14.732302
0.609219,0.802768,15.039679
0.388200,0.799621,15.502090
0.544484,0.944378,15.799515
0.512701,0.850561,16.116689
0.650239,0.875202,16.372312
0.425326,0.867603,16.673061
0.650799,0.904326,16.852400
0.398938,0.729554,17.150825
0.538097,0.575931,17.266166
0.640959,0.609823,17.352389
0.299980,0.397850,17.453366
0.413732,0.249296,17.479976
0.590405,0.118664,17.444552
0.392867,0.005099,17.525905
0.224617,-0.134851,17.552119
0.376286,-0.286136,17.469721
-0.075145,-0.303429,17.533379
-0.128598,-0.443083,17.494813
-0.199364,-0.592277,17.436800
-0.259503,-0.730561,17.423979
-0.108780,-0.843782,17.332480
-0.317076,-0.871066,17.335185
-0.351012,-0.887663,17.346757
-0.269350,-0.850753,17.317278
-0.319137,-0.841199,17.270534
-0.020738,-0.759601,17.115301
-0.215429,-0.551327,17.085346
0.035065,-0.362720,16.928282
0.146877,-0.298138,16.828469
0.093427,-0.067563,16.765010
0.114317,0.001401,16.705418
0.147133,0.097571,16.550298
0.120910,0.122026,16.480420
0.297452,0.192634,16.382508
0.087717,0.325533,16.434243
0.363554,0.352601,16.359476
0.275507,0.505384,16.382012
0.174033,0.481743,16.441487
0.209594,0.616040,16.455930
-0.025967,0.473229,16.602733
0.108733,0.516016,16.656369
0.055945,0.383561,16.794487
0.174078,0.279562,16.971623
-0.052815,0.129622,17.225388
0.278021,0.091399,17.343355
0.098778,0.044198,17.614765
0.041555,-0.089392,17.854903
-0.080787,-0.195073,18.107090
-0.134912,-0.281850,18.239049
-0.122167,-0.408839,18.514132
-0.155915,-0.455013,18.786877
-0.180259,-0.424978,19.020302
-0.194312,-0.471416,19.231454
-0.254700,-0.320336,19.469966
-0.199084,-0.173225,19.701090
-0.304847,-0.034883,20.022051
-0.143811,0.179870,20.179844
-0.162145,0.436478,20.486260
-0.036791,0.554164,20.797799
-0.227274,0.710288,21.116454
-0.073100,0.876149,21.261487
-0.337490,0.786325,21.552317
-0.105377,0.968483,21.686376
-0.381481,0.969076,21.821111
-0.289492,0.970256,22.053276
-0.068288,0.967877,22.208380
-0.275401,0.898797,22.473799
-0.175097,0.835107,22.607744
-0.372641,0.674059,22.796810
-0.096047,0.565129,22.843822
-0.179173,0.265231,23.028416
-0.351750,0.208965,23.074474
0.077431,-0.048445,22.985222
0.037892,-0.228461,23.038185
-0.026936,-0.401221,23.056660
0.258406,-0.635990,22.945735
-0.073854,-0.673556,23.003075
0.052154,-0.883599,22.898283
-0.063061,-1.000768,22.866541
-0.117094,-1.047807,22.851127
0.006470,-1.126102,22.797467
0.005695,-1.152363,22.742641
0.059335,-1.237138,22.704968
0.304350,-1.142058,22.643701
0.059654,-1.142927,22.612712
0.263315,-1.131059,22.472415
0.200946,-0.982671,22.444891
0.219350,-0.853217,22.333765
0.289035,-0.745659,22.120086
0.204144,-0.586357,21.943476
0.431869,-0.457624,21.783631
0.278421,-0.217581,21.784906
0.414094,-0.205343,21.688098
0.153316,0.014456,21.711163
0.383773,0.032945,21.581553
0.288356,0.161946,21.573861
0.145446,0.217968,21.576968
0.294196,0.272750,21.511851
0.043148,0.250358,21.599832
0.161721,0.145975,21.617587
-0.096781,0.155398,21.775800
0.022563,0.032229,21.862140
-0.038082,-0.051610,22.029266
-0.218091,-0.173254,22.250742
-0.157077,-0.260158,22.448169
-0.230107,-0.325734,22.687512
-0.184080,-0.320489,22.905374
-0.233455,-0.421002,23.058433
-0.301403,-0.418813,23.319860
-0.309307,-0.455449,23.575995
-0.242160,-0.530213,23.845220
-0.219051,-0.510201,24.102132
-0.214625,-0.539653,24.296561
-0.190612,-0.411079,24.405014
-0.188430,-0.333420,24.625840
-0.119224,-0.185695,24.895974
-0.175092,-0.012881,25.210583
0.157684,0.163999,25.498206
0.046387,0.321301,25.841978
0.282623,0.600320,25.994038
0.094646,0.619811,26.302825
0.324597,0.797169,26.455221
0.103883,0.806327,26.577938
0.261904,0.971061,26.801897
0.244121,1.093388,26.999090
0.257816,1.106326,27.234650
0.334843,1.205467,27.430752
0.149211,1.033788,27.594035
0.322538,1.096557,27.669072
-0.000531,0.817485,27.835520
0.038100,0.730947,27.850720
-0.015432,0.507372,27.902264
-0.046082,0.362315,27.930381
0.081041,0.113000,27.868628
-0.237423,0.058222,27.886801
-0.202631,-0.113405,27.805951
-0.564657,-0.157017,27.842881
-0.477876,-0.329773,27.739762
-0.222270,-0.416249,27.662557
-0.199116,-0.351303,27.705078
-0.253194,-0.420392,27.773369
0.013088,-0.441407,27.763818
-0.175508,-0.395071,27.885271
-0.007460,-0.274635,27.896592
-0.061756,-0.217421,27.944128
0.116475,-0.188035,27.890504
0.223531,0.062409,27.809419
0.390495,0.265297,27.738720
0.355565,0.367605,27.626780
0.648602,0.489063,27.476317
0.413581,0.639184,27.499006
0.503056,0.626009,27.518565
0.644235,0.710471,27.402468
0.457467,0.774674,27.450034
0.537062,0.710703,27.438223
0.382805,0.834303,27.503748
0.549180,0.702179,27.508969
0.232223,0.800193,27.628804
0.407668,0.539514,27.640471
0.264280,0.461160,27.690890
-0.008490,0.277216,27.885700
0.134381,0.089348,27.969498
-0.001016,0.083566,28.122624
0.092927,-0.101688,28.269126
-0.188584,-0.068733,28.537376
-0.123244,-0.188077,28.658561
-0.135234,-0.334222,28.893854
-0.328295,-0.496512,29.198872
-0.182109,-0.555552,29.424884
-0.213091,-0.686492,29.691276
-0.297138,-0.656860,29.889529
-0.326999,-0.758526,30.065545
-0.395800,-0.549457,30.276055
-0.431450,-0.654758,30.368715
-0.491972,-0.606055,30.560775
-0.524815,-0.491399,30.810310
-0.479977,-0.399658,31.066503
-0.479912,-0.308220,31.344665
-0.254737,-0.133945,31.588461
-0.318688,-0.074741,31.741523
-0.134679,0.125168,31.913120
0.012423,0.186439,32.071651
0.048364,0.284848,32.284013
0.371251,0.340356,32.388270
0.196042,0.227929,32.579136
0.447003,0.385086,32.629409
0.268073,0.165540,32.781683
0.406864,0.280301,32.789125
0.439133,0.222474,32.861008
0.567595,0.267487,32.890002
0.492976,0.094192,32.854584
0.706748,0.123136,32.768473
0.446836,-0.068808,32.805098
0.607953,-0.052483,32.713951
0.319459,-0.329319,32.739395
0.376088,-0.143046,32.685495
0.688676,-0.391827,32.404974
0.209137,-0.481462,32.434974
0.285676,-0.472501,32.262167
