-0.000000,0.000000,0.000000,0.000000,0.001972,0.000228,0.000000
-0.000000,-0.012000,0.002261,0.110466,0.001961,-0.003861,-0.032930
-0.000000,-0.024000,0.003748,0.041548,0.001883,-0.009710,-0.013913
-0.000000,-0.036000,0.000118,-0.011426,0.001865,-0.015562,-0.000308
-0.000000,-0.048000,0.008827,-0.025701,0.001584,-0.021050,0.003228
-0.000000,-0.060000,-0.007172,-0.033214,0.001616,-0.026036,0.005893
-0.000000,-0.060000,0.011337,-0.029247,0.001280,-0.030792,-0.001488
-0.000000,-0.060000,-0.005550,-0.056719,0.001181,-0.034423,0.013667
-0.000000,-0.060000,0.004140,-0.044802,0.000969,-0.037441,0.002963
-0.000000,-0.060000,-0.009726,-0.040666,0.001163,-0.040064,0.011974
-0.000000,-0.060000,0.007733,-0.031784,0.001157,-0.042685,-0.005070
-0.000000,-0.060000,-0.007053,-0.053403,0.001519,-0.044573,0.012114
-0.000000,-0.060000,0.007176,-0.056704,0.001776,-0.045637,-0.003595
-0.000000,-0.060000,0.007760,-0.051022,0.001940,-0.046096,-0.004637
-0.000000,-0.060000,-0.026219,-0.025900,0.002138,-0.046189,-0.574581
-0.000000,-0.060000,-0.001874,-0.044868,0.002530,-0.046191,0.177711
-0.000000,-0.060000,0.034624,-0.040791,0.002645,-0.046160,0.144866
-0.000000,-0.060000,-0.009383,-0.055105,0.003064,-0.045925,0.195785
-0.000000,-0.060000,0.034312,-0.054886,0.003182,-0.045444,0.062189
-0.000000,-0.060000,-0.016911,-0.053712,0.003666,-0.044711,0.059278
-0.000000,-0.060000,0.041377,-0.061586,0.003738,-0.043607,-0.020340
-0.000000,-0.060000,-0.030545,-0.045176,0.004388,-0.042380,0.139420
-0.000000,-0.060000,0.066563,-0.061164,0.004332,-0.040782,0.024805
-0.000000,-0.060000,-0.033406,-0.049335,0.004912,-0.038974,0.195966
-0.000000,-0.060000,0.015142,-0.029180,0.005355,-0.037103,-0.007259
-0.000000,-0.060000,0.004029,-0.029572,0.006081,-0.035098,0.007182
-0.000000,-0.060000,0.008795,-0.027432,0.006937,-0.032981,0.002374
-0.000000,-0.060000,0.006310,-0.030515,0.008035,-0.030576,0.005423
-0.000000,-0.060000,0.007885,-0.017974,0.009347,-0.028277,0.010626
-0.000000,-0.060000,0.007563,-0.040526,0.010924,-0.025188,0.006399
-0.000000,-0.060000,0.013599,-0.026015,0.012591,-0.021744,0.007077
0.010000,-0.036000,-0.002951,-0.028874,0.015010,-0.017736,0.028932
0.020000,-0.012000,0.018875,-0.016016,0.017461,-0.013515,0.012979
0.030000,0.012000,0.032333,-0.068210,0.019514,-0.007023,-0.012600
0.040000,0.036000,-0.024834,0.091400,0.023332,-0.003937,0.067486
0.050000,0.060000,0.073692,-0.122438,0.025415,0.003663,-0.026753
0.050000,0.060000,-0.005934,0.047725,0.028720,0.009802,0.026582
0.050000,0.060000,0.043121,0.015726,0.031553,0.015795,0.008281
0.050000,0.060000,0.026357,0.021846,0.034602,0.021572,0.016838
0.050000,0.060000,0.037281,0.025136,0.037568,0.027162,0.024299
0.050000,0.060000,0.030420,0.037982,0.040811,0.032232,0.029165
0.050000,0.060000,0.064600,0.039541,0.043199,0.036846,0.046811
0.050000,0.060000,0.050460,0.052020,0.045341,0.040651,0.038906
0.050000,0.060000,0.051745,0.025796,0.047287,0.044703,0.042247
0.050000,0.060000,0.055423,0.058586,0.048991,0.047905,0.038790
0.050000,0.060000,0.053934,0.053132,0.050585,0.050528,0.033850
0.050000,0.060000,-0.003593,0.042812,0.052065,0.052545,0.423880
0.050000,0.060000,0.089521,0.121543,0.053172,0.053547,-0.213760
0.050000,0.060000,0.070289,0.110831,0.054142,0.053649,-0.130673
0.050000,0.060000,0.061729,0.103203,0.055050,0.052898,0.025625
0.050000,0.060000,0.048870,0.097528,0.056104,0.051379,-0.023561
0.050000,0.060000,0.049903,0.088285,0.057330,0.049221,-0.080485
0.050000,0.060000,0.085561,0.064628,0.058280,0.046707,-0.060442
0.050000,0.060000,0.087357,0.057324,0.058953,0.043904,-0.099189
0.050000,0.060000,0.066946,0.036507,0.059497,0.040872,0.005108
0.050000,0.060000,0.057650,0.028627,0.060283,0.037811,-0.011437
0.050000,0.060000,0.066838,0.026028,0.061007,0.034734,0.003384
0.050000,0.060000,0.054592,0.028218,0.062144,0.031475,-0.015622
0.050000,0.060000,0.068603,0.028986,0.063215,0.027913,0.003640
0.050000,0.060000,0.059976,0.025602,0.064566,0.024070,-0.010964
0.050000,0.060000,0.062397,0.022801,0.066149,0.019941,-0.012635
0.060000,0.036000,0.062486,0.019896,0.068011,0.015513,-0.017607
0.070000,0.012000,0.063379,0.020960,0.070179,0.010615,-0.018836
0.080000,-0.012000,0.079176,0.015706,0.072134,0.005296,-0.004000
0.090000,-0.036000,0.060722,0.002218,0.074609,-0.000104,-0.023083
0.100000,-0.060000,0.078716,-0.011864,0.077016,-0.005212,-0.013047
0.100000,-0.060000,0.080924,0.036174,0.079336,-0.011944,-0.011294
0.100000,-0.060000,0.070407,-0.043104,0.082015,-0.017589,-0.010942
0.100000,-0.060000,0.088569,-0.028307,0.084469,-0.022816,-0.018956
0.100000,-0.060000,0.071648,-0.030776,0.087403,-0.027660,-0.033680
0.100000,-0.060000,0.095008,-0.025312,0.090070,-0.032440,-0.050662
0.100000,-0.060000,0.097000,-0.042721,0.092500,-0.036633,-0.055656
0.100000,-0.060000,0.104411,-0.044612,0.094523,-0.040265,-0.062736
0.100000,-0.060000,0.103938,-0.034618,0.096244,-0.043788,-0.060931
0.100000,-0.060000,0.102292,-0.051019,0.097806,-0.046691,-0.054060
0.100000,-0.060000,0.103445,-0.055658,0.099245,-0.048870,-0.050330
0.100000,-0.060000,0.066028,-0.099223,0.100457,-0.050395,-0.783639
0.100000,-0.060000,0.120862,-0.113481,0.101535,-0.050991,0.246110
0.100000,-0.060000,0.125254,-0.111976,0.102390,-0.050638,0.113143
0.100000,-0.060000,0.101805,-0.087069,0.103308,-0.049617,0.003593
0.100000,-0.060000,0.100216,-0.065660,0.104339,-0.048220,0.025895
0.100000,-0.060000,0.096256,-0.065528,0.105576,-0.046454,0.082574
0.100000,-0.060000,0.138596,-0.057102,0.106478,-0.044406,0.051017
0.100000,-0.060000,0.126334,-0.051051,0.107236,-0.042137,0.113805
0.100000,-0.060000,0.120475,-0.033995,0.107691,-0.039697,-0.014057
0.100000,-0.060000,0.097977,-0.035252,0.108696,-0.036965,0.019417
0.100000,-0.060000,0.122204,-0.031990,0.109402,-0.033979,-0.016687
0.100000,-0.060000,0.100968,-0.020914,0.110611,-0.031063,0.017544
0.100000,-0.060000,0.114944,-0.030307,0.111850,-0.027791,-0.002428
0.100000,-0.060000,0.111513,-0.023746,0.113277,-0.024309,0.005393
0.100000,-0.060000,0.111127,-0.025459,0.114951,-0.020455,0.008187
0.110000,-0.036000,0.111093,-0.034740,0.116924,-0.015770,0.008491
0.120000,-0.012000,0.105603,-0.002388,0.119463,-0.011301,0.024748
0.130000,0.012000,0.139736,-0.025314,0.121389,-0.006082,-0.011831
0.140000,0.036000,0.104352,-0.010582,0.124049,-0.000493,0.019098
0.150000,0.060000,0.135051,-0.002302,0.126396,0.005323,-0.001081
0.150000,0.060000,0.119922,-0.006916,0.129044,0.011703,0.007042
0.150000,0.060000,0.128085,0.028002,0.131768,0.017544,0.003761
0.150000,0.060000,0.132263,0.033188,0.134495,0.022794,0.010792
0.150000,0.060000,0.135236,0.023879,0.137204,0.027924,0.023298
0.150000,0.060000,0.126067,0.035000,0.140337,0.032652,0.030790
0.150000,0.060000,0.156340,0.041514,0.142905,0.036850,0.049145
0.150000,0.060000,0.159233,0.036933,0.144899,0.040786,0.052418
0.150000,0.060000,0.150278,0.047719,0.146735,0.044160,0.043705
0.150000,0.060000,0.155327,0.050418,0.148315,0.046951,0.045553
0.150000,0.060000,0.150300,0.052942,0.149901,0.049129,0.036714
0.150000,0.060000,0.122871,0.087961,0.151113,0.050499,0.759273
0.150000,0.060000,0.164105,0.123274,0.152289,0.050816,-0.270638
0.150000,0.060000,0.181866,0.097930,0.153161,0.050364,-0.097284
0.150000,0.060000,0.151518,0.074722,0.154108,0.049411,-0.010892
0.150000,0.060000,0.159297,0.065619,0.155052,0.048078,-0.008608
0.150000,0.060000,0.134460,0.058636,0.156368,0.046471,-0.104297
0.150000,0.060000,0.200108,0.074380,0.157198,0.044352,-0.025298
0.150000,0.060000,0.164783,0.043339,0.158048,0.042118,-0.131866
0.150000,0.060000,0.176866,0.037274,0.158383,0.039596,0.025880
0.150000,0.060000,0.130983,-0.014196,0.159912,0.038617,-0.067015
0.150000,0.060000,0.219547,0.132725,0.159433,0.033742,0.124970
0.150000,0.060000,0.089184,-0.051232,0.161719,0.031561,-0.129283
0.150000,0.060000,0.224082,0.057387,0.161900,0.028058,0.088964
0.150000,0.060000,0.108662,0.025445,0.164202,0.024286,-0.069942
0.150000,0.060000,0.206144,0.023692,0.165131,0.020204,0.046827
0.160000,0.036000,0.124077,0.020174,0.167716,0.015822,-0.050784
0.170000,0.012000,0.196733,0.018404,0.169382,0.011077,0.023469
0.180000,-0.012000,0.146009,0.018156,0.172029,0.005836,-0.024625
0.190000,-0.036000,0.191105,0.005839,0.174086,0.000399,0.010937
0.200000,-0.060000,0.160702,0.021834,0.176717,-0.005983,-0.008767
0.200000,-0.060000,0.181948,-0.027239,0.179219,-0.011694,0.002247
0.200000,-0.060000,0.176682,-0.011229,0.181851,-0.017463,-0.003181
0.200000,-0.060000,0.182531,-0.030283,0.184475,-0.022743,-0.007184
0.200000,-0.060000,0.182186,-0.031527,0.187192,-0.027612,-0.018683
0.200000,-0.060000,0.184231,-0.028284,0.190029,-0.032310,-0.030413
0.200000,-0.060000,0.196823,-0.049450,0.192638,-0.036169,-0.040330
0.200000,-0.060000,0.204995,-0.023489,0.194824,-0.040232,-0.049786
0.200000,-0.060000,0.207903,-0.050415,0.196572,-0.043618,-0.046896
0.200000,-0.060000,0.204530,-0.057571,0.198086,-0.046136,-0.042484
0.200000,-0.060000,0.197793,-0.035758,0.199691,-0.048647,-0.031587
0.200000,-0.060000,0.177544,-0.089124,0.200890,-0.050094,-0.767846
0.200000,-0.060000,0.215314,-0.130891,0.202033,-0.050382,0.272604
0.200000,-0.060000,0.229577,-0.078535,0.202903,-0.050155,0.099057
0.200000,-0.060000,0.199270,-0.091517,0.203875,-0.049199,0.008487
0.200000,-0.060000,0.212246,-0.058736,0.204801,-0.047950,0.004298
0.200000,-0.060000,0.188251,-0.077859,0.206045,-0.046172,0.099654
0.200000,-0.060000,0.235638,-0.061342,0.206998,-0.044053,0.055968
0.200000,-0.060000,0.284242,0.073389,0.207033,-0.043349,0.005156
0.200000,-0.060000,0.166591,-0.130130,0.208737,-0.038986,0.040449
0.200000,-0.060000,0.262570,0.036610,0.208655,-0.036934,-0.050737
0.200000,-0.060000,0.176361,-0.057390,0.209944,-0.033710,0.040602
0.200000,-0.060000,0.226892,-0.020444,0.210804,-0.030566,-0.012300
0.200000,-0.060000,0.203311,-0.028238,0.212120,-0.027127,0.014816
0.200000,-0.060000,0.215637,-0.024621,0.213482,-0.023426,0.002915
0.200000,-0.060000,0.206455,-0.018992,0.215267,-0.019564,0.014967
0.210000,-0.036000,0.216659,-0.024392,0.217157,-0.015231,0.005563
0.220000,-0.012000,0.206491,-0.006957,0.219584,-0.010940,0.018348
0.230000,0.012000,0.237056,-0.027200,0.221498,-0.005823,-0.006309
0.240000,0.036000,0.204409,-0.008594,0.224146,-0.000407,0.018382
0.250000,0.060000,0.235364,0.002839,0.226472,0.005042,0.002063
0.250000,0.060000,0.221234,-0.023671,0.229051,0.011658,0.011739
0.250000,0.060000,0.227315,0.042255,0.231735,0.017211,0.001863
0.250000,0.060000,0.234785,0.020987,0.234326,0.022611,0.007905
0.250000,0.060000,0.224027,0.029238,0.237310,0.027695,0.008387
0.250000,0.060000,0.234492,0.033993,0.240419,0.032415,0.013372
0.250000,0.060000,0.259185,0.036443,0.242865,0.036798,0.027166
0.250000,0.060000,0.258157,0.047159,0.244778,0.040556,0.026302
0.250000,0.060000,0.247022,0.037593,0.246656,0.044129,0.018560
0.250000,0.060000,0.253085,0.052724,0.248366,0.047052,0.020710
0.250000,0.060000,0.259570,0.059031,0.249748,0.049153,0.025000
0.250000,0.060000,0.185220,0.024610,0.251032,0.050513,0.550319
0.250000,0.060000,0.277426,0.109858,0.252099,0.050989,-0.231705
0.250000,0.060000,0.269077,0.100575,0.253036,0.050671,-0.127192
0.250000,0.060000,0.255205,0.083980,0.253995,0.049729,0.003306
0.250000,0.060000,0.255902,0.076897,0.254995,0.048260,-0.011314
0.250000,0.060000,0.241547,0.004704,0.256277,0.047226,-0.083322
0.250000,0.060000,0.295100,0.128184,0.257134,0.044980,-0.022168
0.250000,0.060000,0.271617,0.034699,0.257919,0.042737,-0.117077
0.250000,0.060000,0.270078,0.044301,0.258435,0.039960,0.016447
0.250000,0.060000,0.255273,0.030122,0.259251,0.037085,-0.009325
0.250000,0.060000,0.257711,0.019056,0.260317,0.034439,-0.011069
0.250000,0.060000,0.273969,0.043698,0.261067,0.031043,0.022672
0.250000,0.060000,0.246861,0.022888,0.262518,0.027557,-0.022126
0.250000,0.060000,0.262643,0.004722,0.264139,0.024559,-0.012540
0.250000,0.060000,0.285015,0.062246,0.265151,0.019849,0.031919
0.260000,0.036000,0.227112,-0.004055,0.267709,0.015711,-0.054519
0.270000,0.012000,0.291477,0.023799,0.269542,0.011012,0.016156
0.280000,-0.012000,0.262036,-0.003610,0.271771,0.006625,-0.015485
0.290000,-0.036000,0.269976,0.069057,0.274174,-0.000259,0.000659
0.300000,-0.060000,0.278075,-0.060381,0.276520,-0.005096,-0.002736
0.300000,-0.060000,0.267420,0.033037,0.279262,-0.011429,-0.010446
0.300000,-0.060000,0.285719,-0.026732,0.281808,-0.017257,0.000285
0.300000,-0.060000,0.283108,-0.041831,0.284321,-0.022161,-0.006719
0.300000,-0.060000,0.271506,0.001712,0.287315,-0.027862,-0.025508
0.300000,-0.060000,0.288326,-0.056965,0.290289,-0.032357,-0.029442
0.300000,-0.060000,0.305789,-0.025121,0.292713,-0.036911,-0.047683
0.300000,-0.060000,0.303190,-0.048359,0.294778,-0.040787,-0.044710
0.300000,-0.060000,0.302144,-0.048402,0.296614,-0.044070,-0.044837
0.300000,-0.060000,0.306543,-0.043046,0.298146,-0.047033,-0.045383
0.300000,-0.060000,0.298692,-0.051503,0.299736,-0.049442,-0.033250
0.300000,-0.060000,0.273174,-0.083604,0.300962,-0.050956,-0.738758
0.300000,-0.060000,0.320944,-0.120292,0.302056,-0.051456,0.253373
0.300000,-0.060000,0.323261,-0.101772,0.302961,-0.051149,0.117738
0.300000,-0.060000,0.299635,-0.091732,0.303965,-0.050117,0.007277
0.300000,-0.060000,0.312145,-0.070060,0.304924,-0.048650,0.000407
0.300000,-0.060000,0.285866,-0.073423,0.306234,-0.046717,0.104737
0.300000,-0.060000,0.349881,-0.048236,0.307062,-0.044616,0.031495
0.300000,-0.060000,0.315608,-0.058553,0.307897,-0.042200,0.137588
0.300000,-0.060000,0.328982,-0.021169,0.308133,-0.040086,-0.023533
0.300000,-0.060000,0.285116,-0.057601,0.309401,-0.036870,0.032567
0.300000,-0.060000,0.334883,-0.010124,0.309927,-0.034195,-0.027666
0.300000,-0.060000,0.296710,-0.028529,0.311123,-0.031320,0.020735
0.300000,-0.060000,0.323842,-0.037844,0.312033,-0.027818,-0.018923
0.300000,-0.060000,0.289679,-0.028407,0.313938,-0.023927,0.031553
0.300000,-0.060000,0.333391,-0.015504,0.315294,-0.020011,-0.015262
0.310000,-0.036000,0.300852,-0.028897,0.317330,-0.015467,0.020096
0.320000,-0.012000,0.314076,-0.016066,0.319632,-0.010627,0.011854
0.330000,0.012000,0.330019,-0.016492,0.321680,-0.005334,-0.003680
0.340000,0.036000,0.312944,-0.003537,0.324154,0.000090,0.012482
0.350000,0.060000,0.330435,-0.001055,0.326485,0.005707,0.001351
0.350000,0.060000,0.316249,0.003914,0.329255,0.011491,0.010072
0.350000,0.060000,0.339270,0.010112,0.331696,0.017377,0.001865
0.350000,0.060000,0.326458,0.037052,0.334346,0.022526,0.009103
0.350000,0.060000,0.306348,0.021563,0.338042,0.027629,0.027167
0.350000,0.060000,0.371942,0.029575,0.340510,0.032522,0.046709
0.350000,0.060000,0.347099,0.040943,0.342743,0.036907,0.040272
0.350000,0.060000,0.346956,0.043000,0.344843,0.040809,0.044299
0.350000,0.060000,0.354122,0.045562,0.346644,0.044228,0.049333
0.350000,0.060000,0.359654,0.053465,0.348025,0.046953,0.050291
0.350000,0.060000,0.347031,0.047158,0.349520,0.049278,0.033524
0.350000,0.060000,0.324981,0.077742,0.350711,0.050963,0.701196
0.350000,0.060000,0.367555,0.119749,0.351813,0.051648,-0.258563
0.350000,0.060000,0.378277,0.115492,0.352653,0.051345,-0.106862
0.350000,0.060000,0.346647,0.099675,0.353630,0.050215,-0.012181
0.350000,0.060000,0.357360,0.070712,0.354624,0.048645,-0.010124
0.350000,0.060000,0.340893,0.064193,0.355900,0.046728,-0.094324
0.350000,0.060000,0.400500,0.048694,0.356682,0.044640,-0.030660
0.350000,0.060000,0.359673,0.051448,0.357547,0.042335,-0.144561
0.350000,0.060000,0.368234,0.013796,0.358203,0.040616,0.001119
0.350000,0.060000,0.360319,0.069154,0.358970,0.037397,0.011259
0.350000,0.060000,0.360446,0.019144,0.359876,0.034403,-0.003384
0.350000,0.060000,0.361556,0.029622,0.360910,0.031172,0.001472
0.350000,0.060000,0.360621,0.024126,0.362138,0.027812,-0.002609
0.350000,0.060000,0.362196,0.027664,0.363539,0.024099,-0.001351
0.350000,0.060000,0.363034,0.021733,0.365121,0.020145,-0.004292
0.360000,0.036000,0.362595,0.026550,0.366949,0.015657,-0.006129
0.370000,0.012000,0.348165,-0.002675,0.369617,0.011579,-0.032708
0.380000,-0.012000,0.398171,0.045567,0.371367,0.006022,0.025745
0.390000,-0.036000,0.343103,0.001611,0.374262,0.000421,-0.027081
0.400000,-0.060000,0.393641,-0.010336,0.376538,-0.004935,0.006533
0.400000,-0.060000,0.362077,0.022144,0.379408,-0.011393,-0.010495
0.400000,-0.060000,0.390327,-0.030081,0.381916,-0.017224,0.003562
0.400000,-0.060000,0.371811,-0.035710,0.384811,-0.022357,-0.009511
0.400000,-0.060000,0.389617,-0.020750,0.387540,-0.027465,-0.023324
0.400000,-0.060000,0.423773,-0.080263,0.388935,-0.030474,-0.028856
0.400000,-0.060000,0.276944,0.082733,0.394474,-0.037451,-0.011903
0.400000,-0.060000,0.532834,-0.144361,0.394978,-0.040267,-0.112982
0.400000,-0.060000,0.351710,-0.021536,0.397085,-0.043443,-0.003745
0.400000,-0.060000,0.413779,-0.037481,0.398639,-0.046485,-0.053002
0.400000,-0.060000,0.405594,-0.056525,0.400009,-0.048772,-0.038952
0.400000,-0.060000,0.360854,-0.086089,0.401409,-0.050237,-0.678870
0.400000,-0.060000,0.445481,-0.093518,0.402350,-0.051021,0.184304
0.400000,-0.060000,0.405257,-0.114972,0.403351,-0.050829,0.163973
0.400000,-0.060000,0.411680,-0.096205,0.404285,-0.049844,-0.025973
0.400000,-0.060000,0.409479,-0.078887,0.405212,-0.048304,0.004192
0.400000,-0.060000,0.395854,-0.047685,0.406361,-0.046630,0.085842
0.400000,-0.060000,0.422428,-0.084265,0.407401,-0.044322,0.082334
0.400000,-0.060000,0.445569,-0.031261,0.408045,-0.042046,0.074415
0.400000,-0.060000,0.414244,-0.035632,0.408637,-0.039535,-0.002287
0.400000,-0.060000,0.410684,-0.027076,0.409336,-0.037029,0.004461
0.400000,-0.060000,0.410804,-0.031431,0.410168,-0.034298,0.002593
0.400000,-0.060000,0.408921,-0.028979,0.411232,-0.031352,0.006504
0.400000,-0.060000,0.412906,-0.029385,0.412414,-0.028092,0.002127
0.400000,-0.060000,0.408984,-0.027076,0.413892,-0.024507,0.010140
0.400000,-0.060000,0.416937,-0.025703,0.415419,-0.020544,0.003350
0.410000,-0.036000,0.404976,-0.022988,0.417481,-0.016185,0.021241
0.420000,-0.012000,0.417220,-0.016925,0.419696,-0.011523,0.012001
0.430000,0.012000,0.428313,-0.020319,0.421719,-0.006297,0.000734
0.440000,0.036000,0.412097,-0.006817,0.424200,-0.000846,0.016559
0.450000,0.060000,0.429661,-0.010105,0.426568,0.005107,0.004676
0.450000,0.060000,0.420396,-0.005346,0.429225,0.011565,0.010213
0.450000,0.060000,0.429463,0.034817,0.431912,0.017229,0.005778
0.450000,0.060000,0.431981,0.025192,0.434615,0.022586,0.014824
0.450000,0.060000,0.427249,0.031350,0.437600,0.027542,0.025414
0.450000,0.060000,0.439407,0.025176,0.440533,0.032445,0.039177
0.450000,0.060000,0.457597,0.045752,0.442855,0.036661,0.048347
0.450000,0.060000,0.451874,0.039095,0.444870,0.040529,0.048601
0.450000,0.060000,0.452494,0.041398,0.446646,0.044061,0.047553
0.450000,0.060000,0.453817,0.047221,0.448219,0.047130,0.044658
0.450000,0.060000,0.455174,0.056669,0.449616,0.049461,0.041320
0.450000,0.060000,0.408598,0.087485,0.450918,0.050907,0.726298
0.450000,0.060000,0.475184,0.113658,0.452031,0.051425,-0.237516
0.450000,0.060000,0.470964,0.116957,0.452987,0.050936,-0.124942
0.450000,0.060000,0.462949,0.074102,0.453856,0.049953,0.016403
0.450000,0.060000,0.447781,0.066892,0.454878,0.048583,-0.032627
0.450000,0.060000,0.455189,0.041205,0.455992,0.047169,-0.068352
0.450000,0.060000,0.476163,0.119683,0.456938,0.044661,-0.073345
0.450000,0.060000,0.481462,-0.008331,0.457682,0.042713,-0.082185
0.450000,0.060000,0.472260,0.059636,0.458067,0.039672,0.026623
0.450000,0.060000,0.446071,0.018401,0.459082,0.036953,-0.026114
0.450000,0.060000,0.473090,0.034022,0.459776,0.033911,0.019369
0.450000,0.060000,0.453116,0.023892,0.460903,0.030830,-0.011868
0.450000,0.060000,0.462316,0.024997,0.462164,0.027584,-0.001114
0.450000,0.060000,0.461605,0.028049,0.463620,0.023969,-0.002617
0.450000,0.060000,0.464135,0.025285,0.465221,0.019980,-0.002117
0.460000,0.036000,0.459489,0.022328,0.467186,0.015607,-0.010531
0.470000,0.012000,0.461762,0.015052,0.469497,0.010990,-0.011596
0.480000,-0.012000,0.481425,0.020260,0.471498,0.005800,0.007606
0.490000,-0.036000,0.458500,0.003877,0.474084,0.000488,-0.013584
0.500000,-0.060000,0.482417,0.002362,0.476454,-0.005041,0.001668
0.500000,-0.060000,0.468529,0.012953,0.479178,-0.011339,-0.005753
0.500000,-0.060000,0.485892,-0.023495,0.481696,-0.017247,0.002626
0.500000,-0.060000,0.475560,-0.037614,0.484457,-0.022391,-0.005436
0.500000,-0.060000,0.483251,-0.017515,0.487274,-0.027632,-0.019042
0.500000,-0.060000,0.479647,-0.034011,0.490386,-0.032501,-0.024659
0.500000,-0.060000,0.512145,-0.043825,0.492720,-0.036751,-0.041671
0.500000,-0.060000,0.503570,-0.038818,0.494678,-0.040667,-0.039737
0.500000,-0.060000,0.494238,-0.035717,0.496695,-0.044460,-0.032664
0.500000,-0.060000,0.517314,-0.068392,0.498015,-0.047021,-0.048836
0.500000,-0.060000,0.490359,-0.040890,0.499694,-0.049411,-0.019576
0.500000,-0.060000,0.470707,-0.062637,0.500967,-0.051068,-0.649183
0.500000,-0.060000,0.531062,-0.112560,0.501972,-0.051812,0.226719
0.500000,-0.060000,0.513504,-0.112219,0.502920,-0.051618,0.143103
0.500000,-0.060000,0.508058,-0.099749,0.503847,-0.050595,-0.018004
0.500000,-0.060000,0.501880,-0.073993,0.504870,-0.049091,0.021618
0.500000,-0.060000,0.499074,-0.074033,0.506064,-0.047113,0.079707
0.500000,-0.060000,0.529861,-0.049008,0.507048,-0.044966,0.068416
0.500000,-0.060000,0.552288,-0.126090,0.507531,-0.041597,0.067802
0.500000,-0.060000,0.500466,0.004085,0.508455,-0.039419,0.040374
0.500000,-0.060000,0.527909,-0.037444,0.508852,-0.036862,-0.019321
0.500000,-0.060000,0.494186,-0.027145,0.509979,-0.034229,0.036113
0.500000,-0.060000,0.519696,-0.021469,0.510941,-0.031656,0.001954
0.500000,-0.060000,0.511016,-0.051028,0.512081,-0.027980,0.005250
0.500000,-0.060000,0.506331,-0.011814,0.513607,-0.024529,0.027334
0.500000,-0.060000,0.519557,-0.035786,0.515077,-0.020328,0.008328
0.510000,-0.036000,0.502007,-0.016606,0.517182,-0.015955,0.040577
0.520000,-0.012000,0.515797,-0.019174,0.519486,-0.011188,0.029448
0.530000,0.012000,0.530620,-0.018161,0.521509,-0.005924,0.013988
0.540000,0.036000,0.508934,-0.001022,0.524102,-0.000638,0.037853
0.550000,0.060000,0.535742,-0.018097,0.526357,0.005449,0.016800
0.550000,0.060000,0.514903,0.002635,0.529096,0.011758,0.031098
0.550000,0.060000,0.533767,0.029161,0.531705,0.017486,0.023070
0.550000,0.060000,0.528705,0.027920,0.534445,0.022813,0.035300
0.550000,0.060000,0.529726,0.034027,0.537371,0.027642,0.050848
0.550000,0.060000,0.538030,0.039332,0.540290,0.031888,0.066788
0.550000,0.060000,0.553447,-0.001121,0.542747,0.037143,0.083575
0.550000,0.060000,0.555539,0.080533,0.544763,0.040547,0.073734
0.550000,0.060000,0.551385,0.031366,0.546579,0.043965,0.076586
0.550000,0.060000,0.553824,0.053268,0.548194,0.046682,0.071144
0.550000,0.060000,0.554297,0.046821,0.549666,0.048996,0.063753
0.550000,0.060000,0.498805,0.105347,0.551065,0.050849,0.756020
0.550000,0.060000,0.594456,0.131626,0.552011,0.051531,-0.204392
0.550000,0.060000,0.549978,0.112713,0.553087,0.051275,-0.174963
0.550000,0.060000,0.573391,0.093723,0.553929,0.050261,0.054858
0.550000,0.060000,0.550262,0.072848,0.554889,0.048782,-0.027538
0.550000,0.060000,0.548424,0.114634,0.556027,0.046289,-0.080229
0.550000,0.060000,0.572411,0.014084,0.557060,0.044077,-0.077567
0.550000,0.060000,0.603181,0.037315,0.557589,0.041816,-0.062898
0.550000,0.060000,0.557408,0.028979,0.558304,0.039565,-0.011568
0.550000,0.060000,0.563385,0.035205,0.559021,0.037029,0.000177
0.550000,0.060000,0.560142,0.032470,0.559888,0.034234,-0.004566
0.550000,0.060000,0.557943,0.025770,0.561017,0.031344,-0.010829
0.550000,0.060000,0.563604,0.021552,0.562235,0.028437,-0.006157
0.550000,0.060000,0.574099,0.045583,0.563185,0.024542,0.014512
0.550000,0.060000,0.535873,0.011803,0.565302,0.020780,-0.045961
0.560000,0.036000,0.580957,0.024549,0.567003,0.016582,0.003949
0.570000,0.012000,0.548093,0.028919,0.569545,0.011656,-0.031320
0.580000,-0.012000,0.588359,0.006914,0.571526,0.006663,0.002870
0.590000,-0.036000,0.560380,0.016648,0.574023,0.001103,-0.020319
0.600000,-0.060000,0.573644,0.010642,0.576625,-0.004972,-0.012533
0.600000,-0.060000,0.574562,-0.005351,0.579369,-0.011149,-0.012767
0.600000,-0.060000,0.579374,-0.021616,0.582152,-0.016999,-0.011535
0.600000,-0.060000,0.584261,-0.029864,0.584876,-0.022363,-0.016671
0.600000,-0.060000,0.580670,-0.022341,0.587761,-0.027650,-0.029095
0.600000,-0.060000,0.572599,-0.021830,0.591218,-0.033016,-0.038846
0.600000,-0.060000,0.635728,-0.056683,0.593054,-0.037313,-0.058964
0.600000,-0.060000,0.587000,-0.032526,0.595126,-0.041523,-0.039206
0.600000,-0.060000,0.605155,-0.051574,0.596868,-0.045052,-0.049434
0.600000,-0.060000,0.602537,-0.046480,0.598459,-0.048168,-0.044533
0.600000,-0.060000,0.604968,-0.060236,0.599887,-0.050440,-0.042087
0.600000,-0.060000,0.606745,-0.258971,0.600298,-0.049026,-1.823596
0.600000,-0.060000,0.417582,0.353413,0.603252,-0.052541,-0.866249
0.600000,-0.060000,0.834172,-0.269111,0.602945,-0.052847,-0.868384
0.600000,-0.060000,0.474931,-0.143807,0.604430,-0.051820,0.339637
0.600000,-0.060000,0.669489,-0.076731,0.605067,-0.050262,-0.142680
0.600000,-0.060000,0.548477,-0.086768,0.606557,-0.048093,0.183443
0.600000,-0.060000,0.682153,-0.059125,0.607119,-0.045611,-0.037240
0.600000,-0.060000,0.569994,-0.045061,0.608300,-0.043010,0.207551
0.600000,-0.060000,0.648553,-0.028771,0.608175,-0.040446,-0.063454
0.600000,-0.060000,0.575014,-0.031876,0.609448,-0.037731,0.052841
0.600000,-0.060000,0.636585,-0.035231,0.609916,-0.034663,-0.043957
0.600000,-0.060000,0.590519,-0.026754,0.611283,-0.031462,0.026108
0.600000,-0.060000,0.625656,-0.024768,0.612304,-0.028114,-0.020753
0.600000,-0.060000,0.600746,-0.026551,0.613919,-0.024457,0.013227
0.600000,-0.060000,0.623252,-0.025030,0.615354,-0.020443,-0.012015
0.610000,-0.036000,0.598766,-0.028135,0.617549,-0.015839,0.018448
0.620000,-0.012000,0.624527,-0.010578,0.619632,-0.011151,-0.003195
0.630000,0.012000,0.617939,-0.015082,0.621902,-0.006081,0.002029
0.640000,0.036000,0.624433,-0.014931,0.624184,-0.000484,-0.004320
0.650000,0.060000,0.617996,-0.006391,0.626780,0.005491,0.000780
0.650000,0.060000,0.629592,0.000707,0.629335,0.011758,-0.006283
0.650000,0.060000,0.625505,0.019811,0.632067,0.017787,-0.003332
0.650000,0.060000,0.633848,0.040258,0.634749,0.022976,0.003260
0.650000,0.060000,0.632046,0.028992,0.637537,0.027856,0.019295
0.650000,0.060000,0.638026,0.025627,0.640314,0.032671,0.032466
0.650000,0.060000,0.647754,0.062237,0.642832,0.036188,0.042123
0.650000,0.060000,0.658793,-0.000771,0.644785,0.040803,0.055073
0.650000,0.060000,0.648045,0.070194,0.646656,0.044037,0.039745
0.650000,0.060000,0.655935,0.043142,0.648244,0.046948,0.047673
0.650000,0.060000,0.656231,0.057107,0.649613,0.049094,0.043388
0.650000,0.060000,0.627377,0.087619,0.650935,0.050671,0.677674
0.650000,0.060000,0.679146,0.123630,0.652014,0.051187,-0.234531
0.650000,0.060000,0.668309,0.110220,0.652972,0.050784,-0.130514
0.650000,0.060000,0.668879,0.088575,0.653759,0.049688,0.037903
0.650000,0.060000,0.638310,0.070312,0.654827,0.048159,-0.052349
0.650000,0.060000,0.652704,0.058348,0.656019,0.046352,-0.071820
0.650000,0.060000,0.681438,0.056769,0.656978,0.044270,-0.064986
0.650000,0.060000,0.686826,0.037578,0.657657,0.042143,-0.091543
0.650000,0.060000,0.659220,0.014821,0.658459,0.040565,-0.013561
0.650000,0.060000,0.685576,0.088431,0.658447,0.036773,0.057465
0.650000,0.060000,0.616103,-0.016972,0.660183,0.034516,-0.084278
0.650000,0.060000,0.704306,0.049871,0.660492,0.031293,0.064057
0.650000,0.060000,0.617398,0.021531,0.662568,0.028042,-0.064424
0.650000,0.060000,0.706572,0.038525,0.663203,0.024046,0.055720
0.650000,0.060000,0.626027,0.011604,0.665363,0.020174,-0.051554
0.660000,0.036000,0.681445,0.027146,0.667093,0.015749,0.009724
0.670000,0.012000,0.650095,0.016059,0.669591,0.011044,-0.026130
0.680000,-0.012000,0.690223,0.018112,0.671460,0.005846,0.011679
0.690000,-0.036000,0.653171,0.007439,0.674107,0.000394,-0.020745
0.700000,-0.060000,0.683074,0.002808,0.676516,-0.005299,-0.001417
0.700000,-0.060000,0.672288,0.008117,0.679143,-0.011592,-0.007289
0.700000,-0.060000,0.676542,-0.033127,0.681905,-0.017146,-0.004885
0.700000,-0.060000,0.688675,-0.022434,0.684437,-0.022485,-0.011150
0.700000,-0.060000,0.669522,-0.031021,0.687527,-0.027429,-0.020925
0.700000,-0.060000,0.692529,-0.021820,0.690449,-0.032437,-0.036362
0.700000,-0.060000,0.703774,-0.050663,0.692899,-0.036575,-0.041775
0.700000,-0.060000,0.704335,-0.031566,0.694954,-0.040637,-0.047265
0.700000,-0.060000,0.702362,-0.048956,0.696777,-0.044087,-0.042784
0.700000,-0.060000,0.704562,-0.050772,0.698373,-0.046938,-0.042391
0.700000,-0.060000,0.704698,-0.047723,0.699814,-0.049369,-0.037794
0.700000,-0.060000,0.662693,-0.070133,0.701090,-0.051035,-0.664508
0.700000,-0.060000,0.720796,-0.117923,0.702237,-0.051721,0.249826
0.700000,-0.060000,0.717102,-0.103070,0.703283,-0.051589,0.129930
0.700000,-0.060000,0.728209,-0.100516,0.704028,-0.050607,-0.070012
0.700000,-0.060000,0.692041,-0.083641,0.705004,-0.049021,0.043993
0.700000,-0.060000,0.688287,-0.073389,0.706299,-0.046971,0.100372
0.700000,-0.060000,0.745794,-0.047464,0.707168,-0.044765,0.039015
0.700000,-0.060000,0.723451,-0.049122,0.707940,-0.042367,0.119624
0.700000,-0.060000,0.720449,-0.037093,0.708428,-0.039684,-0.014195
0.700000,-0.060000,0.702118,-0.033486,0.709334,-0.036768,0.014177
0.700000,-0.060000,0.719023,-0.021414,0.710073,-0.033979,-0.007658
0.700000,-0.060000,0.704194,-0.031860,0.711215,-0.030858,0.010284
0.700000,-0.060000,0.716841,-0.024076,0.712331,-0.027600,-0.003324
0.700000,-0.060000,0.707027,-0.023974,0.713812,-0.024119,0.011608
0.700000,-0.060000,0.718876,-0.029208,0.715268,-0.020121,-0.001781
0.710000,-0.036000,0.699622,-0.024205,0.717451,-0.015670,0.025137
0.720000,-0.012000,0.723772,-0.016132,0.719548,-0.010929,0.003585
0.730000,0.012000,0.722167,-0.018240,0.721673,-0.005682,0.004149
0.740000,0.036000,0.714828,-0.002187,0.724157,-0.000364,0.013467
0.750000,0.060000,0.733601,-0.006846,0.726380,0.005345,0.000133
0.750000,0.060000,0.710831,-0.005738,0.729237,0.011573,0.013682
0.750000,0.060000,0.738325,0.025508,0.731802,0.017346,0.002553
0.750000,0.060000,0.726748,0.032382,0.734571,0.022551,0.012670
0.750000,0.060000,0.728348,0.039975,0.737582,0.027029,0.025350
0.750000,0.060000,0.743630,0.011070,0.740383,0.031951,0.043032
0.750000,0.060000,0.733934,0.037360,0.743443,0.036481,0.041983
0.750000,0.060000,0.784266,0.050167,0.745029,0.040257,0.068331
0.750000,0.060000,0.754562,0.066851,0.746292,0.042739,0.044429
0.750000,0.060000,0.698729,-0.015061,0.749369,0.047004,0.001853
0.750000,0.060000,0.830500,0.128417,0.749549,0.047896,0.122176
0.750000,0.060000,0.632126,0.062658,0.751722,0.049283,0.199554
0.750000,0.060000,0.856523,0.075622,0.752591,0.050192,-0.042710
0.750000,0.060000,0.745627,0.104307,0.753658,0.050264,-0.184261
0.750000,0.060000,0.784118,0.063306,0.754347,0.049982,0.060029
0.750000,0.060000,0.718802,0.106708,0.755587,0.048801,-0.087753
0.750000,0.060000,0.766574,0.072148,0.756768,0.047165,-0.042037
0.750000,0.060000,0.785432,0.065652,0.757669,0.045144,-0.059536
0.750000,0.060000,0.774981,0.066411,0.758454,0.042711,-0.123669
0.750000,0.060000,0.772255,0.038515,0.758905,0.039951,0.017316
0.750000,0.060000,0.751634,0.026453,0.759802,0.037229,-0.018277
0.750000,0.060000,0.768630,0.029548,0.760560,0.034354,0.008944
0.750000,0.060000,0.756060,0.022366,0.761666,0.031512,-0.011949
0.750000,0.060000,0.765569,0.036154,0.762804,0.028115,0.004366
0.750000,0.060000,0.760459,0.024011,0.764194,0.024508,-0.007310
0.750000,0.060000,0.761223,0.030131,0.765850,0.020361,-0.007924
0.760000,0.036000,0.764585,0.016162,0.767700,0.016066,-0.010565
0.770000,0.012000,0.758850,0.023243,0.770015,0.011236,-0.017410
0.780000,-0.012000,0.782373,0.011150,0.771998,0.006174,0.003203
0.790000,-0.036000,0.760901,0.005689,0.774491,0.000934,-0.016646
0.800000,-0.060000,0.779560,0.005736,0.776882,-0.004633,-0.004283
0.800000,-0.060000,0.772201,0.024819,0.779503,-0.011399,-0.008040
0.800000,-0.060000,0.770804,-0.051394,0.782482,-0.016756,-0.006900
0.800000,-0.060000,0.805909,0.007880,0.784613,-0.023006,-0.012413
0.800000,-0.060000,0.753079,-0.052853,0.787905,-0.028089,-0.016779
0.800000,-0.060000,0.801255,-0.033527,0.790721,-0.032823,-0.042294
0.800000,-0.060000,0.806959,-0.036801,0.792950,-0.037201,-0.048902
0.800000,-0.060000,0.800857,-0.038287,0.794907,-0.041276,-0.047216
0.800000,-0.060000,0.800992,-0.052268,0.796678,-0.044632,-0.046116
0.800000,-0.060000,0.800386,-0.042117,0.798372,-0.047719,-0.043764
0.800000,-0.060000,0.815397,-0.065529,0.799516,-0.049751,-0.052938
0.800000,-0.060000,0.755921,-0.092635,0.800854,-0.051105,-0.685513
0.800000,-0.060000,0.844029,-0.112893,0.801745,-0.051531,0.196278
0.800000,-0.060000,0.807303,-0.102663,0.802662,-0.051144,0.155359
0.800000,-0.060000,0.806775,-0.083465,0.803575,-0.050142,-0.008144
0.800000,-0.060000,0.803150,-0.072819,0.804563,-0.048670,0.018099
0.800000,-0.060000,0.787344,-0.009867,0.805884,-0.047570,0.089119
0.800000,-0.060000,0.851574,-0.129712,0.806687,-0.045234,0.003340
0.800000,-0.060000,0.825495,-0.095791,0.807354,-0.042093,0.132691
0.800000,-0.060000,0.814846,-0.004717,0.807928,-0.039838,0.008593
0.800000,-0.060000,0.808656,-0.038882,0.808667,-0.037161,0.007110
0.800000,-0.060000,0.809695,-0.032598,0.809563,-0.034211,0.006693
0.800000,-0.060000,0.811588,-0.028991,0.810577,-0.031034,0.004910
0.800000,-0.060000,0.809229,-0.025025,0.811828,-0.027686,0.011422
0.800000,-0.060000,0.805462,-0.032611,0.813493,-0.023792,0.019068
0.800000,-0.060000,0.830471,-0.021184,0.814699,-0.019658,-0.008912
0.810000,-0.036000,0.791855,-0.026083,0.816899,-0.014983,0.041447
0.820000,-0.012000,0.816512,-0.006266,0.819267,-0.010358,0.025043
0.830000,0.012000,0.830660,-0.016701,0.821348,-0.005270,0.008578
0.840000,0.036000,0.807209,-0.000736,0.824061,-0.000159,0.033055
0.850000,0.060000,0.843889,-0.022284,0.826136,0.005917,0.003189
0.850000,0.060000,0.792414,0.039953,0.829517,0.010845,0.039295
0.850000,0.060000,0.873670,-0.036219,0.831318,0.017550,0.006406
0.850000,0.060000,0.797056,0.067489,0.834390,0.022418,0.022081
0.850000,0.060000,0.842214,0.015376,0.837194,0.027456,0.047646
0.850000,0.060000,0.834137,0.031707,0.840126,0.032195,0.055785
0.850000,0.060000,0.850772,0.042749,0.842690,0.036340,0.068721
0.850000,0.060000,0.855058,0.037205,0.844830,0.040190,0.073519
0.850000,0.060000,0.849197,0.040349,0.846856,0.043726,0.067130
0.850000,0.060000,0.866295,0.058598,0.848230,0.046360,0.073993
0.850000,0.060000,0.835885,0.033078,0.850136,0.049094,0.039921
0.850000,0.060000,0.849774,0.128164,0.850971,0.050569,1.086364
0.850000,0.060000,0.820820,0.118051,0.852350,0.051083,-0.358432
0.850000,0.060000,0.904531,0.111436,0.853109,0.050642,-0.038812
0.850000,0.060000,0.832948,0.082532,0.854201,0.049604,-0.052502
0.850000,0.060000,0.871629,0.063253,0.855120,0.048215,0.017646
0.850000,0.060000,0.827622,0.063141,0.856504,0.046496,-0.117733
0.850000,0.060000,0.910982,0.058987,0.857254,0.044465,-0.007271
0.850000,0.060000,0.857481,0.039908,0.858125,0.042368,-0.142753
0.850000,0.060000,0.880306,0.041457,0.858355,0.039838,0.033399
0.850000,0.060000,0.843102,0.032279,0.859327,0.037134,-0.025400
0.850000,0.060000,0.869517,0.027634,0.860117,0.034348,0.011881
0.850000,0.060000,0.855121,0.032145,0.861278,0.031236,-0.006751
0.850000,0.060000,0.866000,0.022142,0.862447,0.028075,0.003734
0.850000,0.060000,0.852379,0.016901,0.864157,0.024974,-0.018774
0.850000,0.060000,0.882246,0.055990,0.865362,0.020402,0.028735
0.860000,0.036000,0.838450,0.005197,0.867705,0.016078,-0.036544
0.870000,0.012000,0.882976,0.019283,0.869632,0.011366,0.011204
0.880000,-0.012000,0.862304,0.016381,0.871950,0.006234,-0.008302
0.890000,-0.036000,0.873572,-0.006853,0.874315,0.001391,-0.003788
0.900000,-0.060000,0.875392,0.043800,0.876726,-0.005168,0.002584
0.900000,-0.060000,0.873853,-0.014474,0.879302,-0.011511,0.002431
0.900000,-0.060000,0.876797,-0.027654,0.882008,-0.017315,0.001516
0.900000,-0.060000,0.884802,-0.033415,0.884628,-0.022510,-0.004384
0.900000,-0.060000,0.878875,-0.019301,0.887467,-0.027741,-0.017400
0.900000,-0.060000,0.884730,-0.039017,0.890418,-0.032415,-0.025463
0.900000,-0.060000,0.904607,-0.032214,0.892866,-0.036893,-0.040342
0.900000,-0.060000,0.908019,-0.043901,0.894779,-0.040856,-0.042273
0.900000,-0.060000,0.898112,-0.046702,0.896608,-0.044295,-0.035563
0.900000,-0.060000,0.907304,-0.051378,0.898103,-0.047118,-0.041421
0.900000,-0.060000,0.898198,-0.048851,0.899673,-0.049483,-0.028977
0.900000,-0.060000,0.875587,-0.080397,0.900903,-0.050938,-0.716745
0.900000,-0.060000,0.921819,-0.121113,0.901989,-0.051369,0.251531
0.900000,-0.060000,0.932035,-0.133614,0.902760,-0.050560,0.100594
0.900000,-0.060000,0.874680,-0.014036,0.903983,-0.050073,0.070620
0.900000,-0.060000,0.944376,-0.106238,0.904705,-0.048652,-0.102852
0.900000,-0.060000,0.861790,-0.062504,0.906100,-0.046919,0.146214
0.900000,-0.060000,0.952915,-0.068769,0.906968,-0.044749,0.019026
0.900000,-0.060000,0.920241,-0.057609,0.907778,-0.042275,0.128429
0.900000,-0.060000,0.921646,-0.032901,0.908258,-0.039668,-0.014982
0.900000,-0.060000,0.904651,-0.033565,0.909057,-0.036825,0.009409
0.900000,-0.060000,0.910970,-0.024847,0.909978,-0.033986,0.003207
0.900000,-0.060000,0.912517,-0.030167,0.910995,-0.030875,-0.001035
0.900000,-0.060000,0.910419,-0.027366,0.912216,-0.027507,0.003489
0.900000,-0.060000,0.911196,-0.030906,0.913647,-0.023653,0.003398
0.900000,-0.060000,0.910003,-0.011582,0.915376,-0.019912,0.013967
0.910000,-0.036000,0.916950,-0.031265,0.917201,-0.015457,0.004262
0.920000,-0.012000,0.904005,-0.018782,0.919655,-0.010608,0.022349
0.930000,0.012000,0.938723,-0.014713,0.921537,-0.005372,-0.009985
0.940000,0.036000,0.901679,-0.005366,0.924254,0.000061,0.022783
0.950000,0.060000,0.939013,0.003799,0.926519,0.005506,-0.001099
0.950000,0.060000,0.916021,-0.011632,0.929231,0.011684,0.011058
0.950000,0.060000,0.935307,0.021991,0.931758,0.017540,0.002567
0.950000,0.060000,0.927195,0.034239,0.934470,0.022767,0.011669
0.950000,0.060000,0.926861,0.034829,0.937474,0.027465,0.025807
0.950000,0.060000,0.940255,0.022390,0.940390,0.032203,0.041670
0.950000,0.060000,0.948169,0.045860,0.943041,0.036236,0.048242
0.950000,0.060000,0.966487,0.040077,0.944854,0.039867,0.060876
0.950000,0.060000,0.942793,0.035928,0.946782,0.043337,0.042649
0.950000,0.060000,0.957037,0.050663,0.948394,0.046194,0.050687
0.950000,0.060000,0.953621,0.051044,0.949893,0.048488,0.042502
0.950000,0.060000,0.921958,0.091631,0.951122,0.049967,0.757529
0.950000,0.060000,0.966800,0.129769,0.952277,0.050303,-0.268206
0.950000,0.060000,0.983042,0.085505,0.953113,0.050029,-0.093386
0.950000,0.060000,0.946436,0.083570,0.954095,0.049135,-0.019091
0.950000,0.060000,0.957363,0.063870,0.955100,0.047883,-0.011898
0.950000,0.060000,0.941167,0.066153,0.956387,0.046255,-0.092473
0.950000,0.060000,0.999328,0.054661,0.957200,0.044375,-0.031843
0.950000,0.060000,0.966982,0.061407,0.958003,0.042144,-0.136624
0.950000,0.060000,0.973531,0.036290,0.958411,0.039662,0.019468
0.950000,0.060000,0.951615,0.030421,0.959252,0.037069,-0.014930
0.950000,0.060000,0.962941,0.026204,0.960149,0.034449,-0.000212
0.950000,0.060000,0.961688,0.035622,0.961176,0.031379,0.001733
0.950000,0.060000,0.960255,0.024196,0.962418,0.028190,-0.004726
0.950000,0.060000,0.965241,0.032129,0.963727,0.024497,0.002762
0.950000,0.060000,0.956506,0.024603,0.965461,0.020468,-0.012561
0.960000,0.036000,0.966612,0.017644,0.967307,0.016241,-0.006131
0.970000,0.012000,0.956431,0.021991,0.969695,0.011534,-0.017733
0.980000,-0.012000,0.984417,0.012931,0.971669,0.006539,0.007211
0.990000,-0.036000,0.959481,0.003416,0.974196,0.001465,-0.015656
1.000000,-0.060000,0.974625,0.035751,0.976796,-0.005032,-0.002578
1.000000,-0.060000,0.980639,-0.013445,0.979318,-0.011345,0.001641
1.000000,-0.060000,0.972192,-0.029714,0.982139,-0.017039,-0.004130
1.000000,-0.060000,0.985854,-0.023138,0.984840,-0.022493,-0.010179
1.000000,-0.060000,0.979252,-0.034818,0.987755,-0.027414,-0.019787
1.000000,-0.060000,0.987138,-0.023167,0.990701,-0.032347,-0.033780
1.000000,-0.060000,1.009752,-0.043501,0.992961,-0.036671,-0.044015
1.000000,-0.060000,1.001039,-0.038359,0.994943,-0.040674,-0.042715
1.000000,-0.060000,1.000223,-0.044078,0.996770,-0.044245,-0.041269
1.000000,-0.060000,1.004144,-0.051646,0.998384,-0.047191,-0.041954
1.000000,-0.060000,1.008384,-0.052652,0.999705,-0.049543,-0.041533
1.000000,-0.060000,0.959976,-0.072332,1.001059,-0.051214,-0.633319
1.000000,-0.060000,1.032672,-0.132704,1.002120,-0.051708,0.230952
1.000000,-0.060000,1.027881,-0.093059,1.002930,-0.051509,0.107309
1.000000,-0.060000,0.999301,-0.099071,1.003841,-0.050492,0.006782
1.000000,-0.060000,1.002482,-0.072878,1.004839,-0.049009,0.020285
1.000000,-0.060000,0.995757,-0.070391,1.006053,-0.047100,0.085511
1.000000,-0.060000,1.040708,-0.060610,1.006908,-0.044866,0.047847
1.000000,-0.060000,1.022440,-0.029517,1.007678,-0.042700,0.112708
1.000000,-0.060000,1.021913,-0.044659,1.008103,-0.039984,-0.020184
1.000000,-0.060000,1.004225,-0.027315,1.008856,-0.037273,0.010528
1.000000,-0.060000,1.005899,-0.033632,1.009912,-0.034256,0.007002
1.000000,-0.060000,1.021006,-0.028561,1.010751,-0.031032,-0.013989
1.000000,-0.060000,1.005341,-0.028526,1.011970,-0.027510,0.007376
1.000000,-0.060000,1.010157,-0.020727,1.013431,-0.023875,0.006472
1.000000,-0.060000,1.014521,-0.027997,1.015018,-0.019757,0.001467
1.010000,-0.036000,1.007022,-0.019948,1.017054,-0.015330,0.014892
1.020000,-0.012000,1.013310,-0.015600,1.019377,-0.010625,0.011631
1.030000,0.012000,1.033057,-0.016541,1.021326,-0.005468,-0.007114
1.040000,0.036000,1.002705,-0.005685,1.024069,-0.000108,0.019635
1.050000,0.060000,1.039518,0.000316,1.026337,0.005385,-0.003676
1.050000,0.060000,1.015638,-0.013742,1.029061,0.011689,0.008396
1.050000,0.060000,1.033082,0.033420,1.031678,0.017250,0.000696
1.050000,0.060000,1.031276,0.021362,1.034330,0.022644,0.010244
1.050000,0.060000,1.024233,0.040118,1.037365,0.027314,0.019087
1.050000,0.060000,1.048055,0.015121,1.040023,0.032291,0.037323
1.050000,0.060000,1.042435,0.044736,1.042611,0.036617,0.036173
1.050000,0.060000,1.056841,0.040520,1.044707,0.040545,0.048159
1.050000,0.060000,1.053734,0.049041,1.046514,0.043856,0.044590
1.050000,0.060000,1.052119,0.048488,1.048178,0.046647,0.041015
1.050000,0.060000,1.056663,0.047974,1.049611,0.049002,0.040506
1.050000,0.060000,1.011539,0.078549,1.050958,0.050527,0.679135
1.050000,0.060000,1.075963,0.118587,1.052106,0.051057,-0.238357
1.050000,0.060000,1.074287,0.081731,1.053054,0.051043,-0.110889
1.050000,0.060000,1.054401,0.109528,1.054034,0.050065,0.012922
1.050000,0.060000,1.055595,0.071084,1.055060,0.048641,-0.014377
1.050000,0.060000,1.049055,0.074894,1.056260,0.046729,-0.079995
1.050000,0.060000,1.083880,0.058763,1.057197,0.044517,-0.061532
1.050000,0.060000,1.082013,0.033720,1.057922,0.042312,-0.099067
1.050000,0.060000,1.069048,0.040798,1.058414,0.039694,0.013176
1.050000,0.060000,1.053026,0.029863,1.059290,0.036984,-0.014012
1.050000,0.060000,1.064590,0.029910,1.060163,0.034104,0.003277
1.050000,0.060000,1.062169,0.026271,1.061148,0.031104,-0.000881
1.050000,0.060000,1.059519,0.030712,1.062373,0.027737,-0.004131
1.050000,0.060000,1.059575,0.025073,1.063874,0.024111,-0.008174
1.050000,0.060000,1.065166,0.021246,1.065489,0.020264,-0.005142
1.060000,0.036000,1.063584,0.029306,1.067325,0.015787,-0.007319
1.070000,0.012000,1.053452,0.016751,1.069814,0.011004,-0.023026
1.080000,-0.012000,1.090250,0.010818,1.071679,0.005996,0.010593
1.090000,-0.036000,1.051556,0.013951,1.074388,0.000500,-0.021847
1.100000,-0.060000,1.089745,-0.003703,1.076620,-0.004992,0.003081
1.100000,-0.060000,1.066859,0.017813,1.079271,-0.011430,-0.009724
1.100000,-0.060000,1.069968,-0.049319,1.082304,-0.016528,-0.007532
1.100000,-0.060000,1.103074,0.004053,1.084591,-0.022364,-0.013619
1.100000,-0.060000,1.061286,-0.034733,1.087740,-0.027676,-0.018051
1.100000,-0.060000,1.093410,-0.039328,1.090694,-0.032420,-0.034627
1.100000,-0.060000,1.110863,-0.032275,1.092922,-0.036968,-0.047345
1.100000,-0.060000,1.103683,-0.050546,1.094772,-0.040757,-0.042710
1.100000,-0.060000,1.096235,-0.041236,1.096608,-0.044215,-0.039509
1.100000,-0.060000,1.103418,-0.039485,1.098255,-0.047497,-0.042008
1.100000,-0.060000,1.109309,-0.063364,1.099573,-0.049804,-0.042824
1.100000,-0.060000,1.059872,-0.074014,1.100874,-0.051415,-0.654784
1.100000,-0.060000,1.137604,-0.117290,1.101816,-0.052050,0.213846
1.100000,-0.060000,1.106793,-0.115374,1.102792,-0.051711,0.159641
1.100000,-0.060000,1.118116,-0.085932,1.103605,-0.050725,-0.036344
1.100000,-0.060000,1.096765,-0.075227,1.104581,-0.049245,0.033128
1.100000,-0.060000,1.095483,-0.068155,1.105774,-0.047372,0.085962
1.100000,-0.060000,1.131323,-0.061310,1.106734,-0.045171,0.064993
1.100000,-0.060000,1.140326,-0.041327,1.107362,-0.042881,0.086657
1.100000,-0.060000,1.114661,-0.044816,1.107902,-0.040036,-0.007213
1.100000,-0.060000,1.104979,-0.030103,1.108741,-0.037089,0.011390
1.100000,-0.060000,1.113401,-0.020117,1.109603,-0.034327,0.002445
1.100000,-0.060000,1.109819,-0.033592,1.110650,-0.031178,0.003132
1.100000,-0.060000,1.110850,-0.026347,1.111875,-0.027818,0.005135
1.100000,-0.060000,1.111020,-0.027853,1.113308,-0.024093,0.006680
1.100000,-0.060000,1.111701,-0.018230,1.114967,-0.020251,0.011594
1.110000,-0.036000,1.110393,-0.033132,1.116951,-0.015633,0.012826
1.120000,-0.012000,1.109194,-0.008475,1.119369,-0.011003,0.022097
1.130000,0.012000,1.135950,-0.020424,1.121309,-0.005790,-0.005120
1.140000,0.036000,1.104359,-0.002866,1.123981,-0.000486,0.023828
1.150000,0.060000,1.130053,-0.013674,1.126524,0.005458,0.006788
1.150000,0.060000,1.130252,-0.005520,1.128994,0.011924,0.005674
1.150000,0.060000,1.116963,0.039429,1.131946,0.017434,0.010735
1.150000,0.060000,1.138595,0.019370,1.134676,0.022856,0.017562
1.150000,0.060000,1.132887,0.037388,1.137482,0.027661,0.024928
1.150000,0.060000,1.131234,0.022547,1.140529,0.032510,0.038303
1.150000,0.060000,1.144616,0.034463,1.143450,0.037091,0.048023
1.150000,0.060000,1.176596,0.053535,1.145178,0.040810,0.064013
1.150000,0.060000,1.139974,0.041396,1.147131,0.044197,0.038251
1.150000,0.060000,1.158906,0.050444,1.148711,0.047000,0.051344
1.150000,0.060000,1.154433,0.051271,1.150154,0.049255,0.041450
1.150000,0.060000,1.108606,0.086881,1.151468,0.050691,0.726065
1.150000,0.060000,1.177159,0.112997,1.152573,0.051204,-0.234351
1.150000,0.060000,1.173306,0.103189,1.153493,0.050888,-0.118880
1.150000,0.060000,1.160019,0.081784,1.154374,0.049978,0.011988
1.150000,0.060000,1.151054,0.073413,1.155365,0.048593,-0.024504
1.150000,0.060000,1.141559,0.068285,1.156636,0.046810,-0.093345
1.150000,0.060000,1.196399,0.054146,1.157476,0.044786,-0.037711
1.150000,0.060000,1.169806,0.064386,1.158270,0.042373,-0.132885
1.150000,0.060000,1.171726,0.023029,1.158742,0.040201,0.010768
1.150000,0.060000,1.158227,0.052782,1.159413,0.037112,0.001794
1.150000,0.060000,1.153493,-0.000965,1.160489,0.034990,-0.024823
1.150000,0.060000,1.175969,0.070379,1.161181,0.031157,0.033520
1.150000,0.060000,1.151751,-0.008069,1.162394,0.028374,-0.024276
1.150000,0.060000,1.157497,0.038227,1.163959,0.024878,-0.009033
1.150000,0.060000,1.172095,0.038172,1.165385,0.020557,0.008471
1.160000,0.036000,1.148500,0.013213,1.167583,0.016197,-0.029312
1.170000,0.012000,1.177829,0.016254,1.169548,0.011565,0.001023
1.180000,-0.012000,1.156558,0.034184,1.172115,0.005859,-0.016965
1.190000,-0.036000,1.200629,-0.026014,1.173740,0.001127,0.014661
1.200000,-0.060000,1.124802,0.043208,1.177247,-0.005305,-0.039244
1.200000,-0.060000,1.217713,-0.010522,1.179338,-0.011666,0.017686
1.200000,-0.060000,1.150795,-0.034768,1.182508,-0.017232,-0.013287
1.200000,-0.060000,1.200593,-0.024288,1.185033,-0.022517,-0.012731
1.200000,-0.060000,1.172633,-0.028961,1.188015,-0.027480,-0.023884
1.200000,-0.060000,1.188537,-0.053839,1.190988,-0.031321,-0.036350
1.200000,-0.060000,1.212889,0.011385,1.193165,-0.036529,-0.058948
1.200000,-0.060000,1.201554,-0.076285,1.195050,-0.040027,-0.039418
1.200000,-0.060000,1.197951,-0.031702,1.196864,-0.043519,-0.045660
1.200000,-0.060000,1.205465,-0.047663,1.198420,-0.046510,-0.046615
1.200000,-0.060000,1.206152,-0.063751,1.199766,-0.048476,-0.043539
1.200000,-0.060000,1.163373,-0.034312,1.201072,-0.050719,-0.476328
1.200000,-0.060000,1.238838,-0.145823,1.201999,-0.051609,0.223318
1.200000,-0.060000,1.206971,-0.106694,1.202960,-0.051639,0.156101
1.200000,-0.060000,1.213859,-0.112628,1.203818,-0.050663,-0.041276
1.200000,-0.060000,1.195160,-0.088306,1.204860,-0.049020,0.032309
1.200000,-0.060000,1.198857,-0.069906,1.206079,-0.046954,0.079809
1.200000,-0.060000,1.243683,-0.051858,1.206897,-0.044674,0.043573
1.200000,-0.060000,1.213730,-0.037304,1.207748,-0.042360,0.130383
1.200000,-0.060000,1.227963,-0.034467,1.208034,-0.039860,-0.027120
1.200000,-0.060000,1.195739,-0.033297,1.208957,-0.037144,0.021704
1.200000,-0.060000,1.216945,-0.028081,1.209781,-0.034325,-0.007706
1.200000,-0.060000,1.208206,-0.033492,1.210852,-0.031123,0.002085
1.200000,-0.060000,1.213283,-0.024297,1.212018,-0.027781,-0.001060
1.200000,-0.060000,1.206921,-0.025285,1.213545,-0.024170,0.009349
1.200000,-0.060000,1.217223,-0.027043,1.215103,-0.020121,-0.001303
1.210000,-0.036000,1.204685,-0.017723,1.217198,-0.015858,0.018736
1.220000,-0.012000,1.217946,-0.019994,1.219412,-0.011171,0.006364
1.230000,0.012000,1.223809,-0.016678,1.221594,-0.006045,0.001267
1.240000,0.036000,1.219267,-0.013483,1.223969,-0.000443,0.005234
1.250000,0.060000,1.225813,-0.019741,1.226364,0.006034,-0.000869
1.250000,0.060000,1.222051,0.028428,1.228982,0.011804,0.002722
1.250000,0.060000,1.219976,0.024003,1.231973,0.017168,0.008244
1.250000,0.060000,1.245100,0.015405,1.234504,0.022578,0.011540
1.250000,0.060000,1.225935,0.027328,1.237357,0.027737,0.019776
1.250000,0.060000,1.256953,0.051865,1.239498,0.031864,0.032547
1.250000,0.060000,1.217543,0.011257,1.242463,0.036546,0.032006
1.250000,0.060000,1.266833,0.055014,1.244570,0.040300,0.056564
1.250000,0.060000,1.243361,0.016772,1.246770,0.044621,0.040404
1.250000,0.060000,1.272835,0.085253,1.248074,0.047105,0.059664
1.250000,0.060000,1.241899,0.042279,1.249680,0.049369,0.026854
1.250000,0.060000,1.229295,0.085029,1.250850,0.050849,0.753466
1.250000,0.060000,1.257674,0.116500,1.252069,0.051373,-0.278415
1.250000,0.060000,1.286409,0.105690,1.252917,0.051030,-0.086169
1.250000,0.060000,1.247894,0.086089,1.253889,0.050042,-0.015271
1.250000,0.060000,1.253876,0.067647,1.254929,0.048654,-0.018478
1.250000,0.060000,1.248597,0.070021,1.256149,0.046843,-0.079888
1.250000,0.060000,1.284499,0.059636,1.257095,0.044723,-0.059679
1.250000,0.060000,1.284201,0.049715,1.257797,0.042401,-0.100328
1.250000,0.060000,1.266982,0.034248,1.258340,0.039908,0.007011
1.250000,0.060000,1.253596,0.032826,1.259243,0.037222,-0.013766
1.250000,0.060000,1.265150,0.029808,1.260122,0.034376,0.002938
1.250000,0.060000,1.260163,0.027605,1.261187,0.031370,-0.004751
1.250000,0.060000,1.265989,0.029993,1.262255,0.028029,0.003726
1.250000,0.060000,1.251687,0.021266,1.263883,0.024580,-0.020750
1.250000,0.060000,1.271998,0.026037,1.265376,0.020751,0.002416
1.260000,0.036000,1.254265,0.024070,1.267428,0.016499,-0.021575
1.270000,0.012000,1.270756,0.030032,1.269501,0.011475,-0.003751
1.280000,-0.012000,1.269687,0.004333,1.271693,0.006472,-0.009695
1.290000,-0.036000,1.262512,0.003141,1.274331,0.001396,-0.018543
1.300000,-0.060000,1.262568,0.046187,1.277496,-0.005490,-0.016794
1.300000,-0.060000,1.331246,-0.045089,1.278741,-0.011041,0.030551
1.300000,-0.060000,1.198730,0.005082,1.282956,-0.017235,-0.038426
1.300000,-0.060000,1.334311,-0.042465,1.285314,-0.022492,-0.009071
1.300000,-0.060000,1.271427,-0.021521,1.288179,-0.027702,-0.023974
1.300000,-0.060000,1.291003,-0.034002,1.290942,-0.032538,-0.035551
1.300000,-0.060000,1.306200,-0.044026,1.293153,-0.036747,-0.045844
1.300000,-0.060000,1.300089,-0.027824,1.295125,-0.041025,-0.047079
1.300000,-0.060000,1.300892,-0.053130,1.296921,-0.044550,-0.043850
1.300000,-0.060000,1.304044,-0.053528,1.298513,-0.047388,-0.045118
1.300000,-0.060000,1.306423,-0.053457,1.299888,-0.049603,-0.043008
1.300000,-0.060000,1.272058,-0.075339,1.300998,-0.051225,-0.704060
1.300000,-0.060000,1.304618,-0.132790,1.302196,-0.051684,0.296999
1.300000,-0.060000,1.343023,-0.105133,1.302932,-0.051281,0.070422
1.300000,-0.060000,1.285220,-0.094022,1.303967,-0.050130,0.043908
1.300000,-0.060000,1.320815,-0.066289,1.304836,-0.048590,-0.017037
1.300000,-0.060000,1.303476,0.095013,1.305831,-0.048795,0.040154
1.300000,-0.060000,1.275820,-0.348446,1.307316,-0.044942,0.177219
1.300000,-0.060000,1.407384,0.105007,1.307571,-0.042913,-0.019128
1.300000,-0.060000,1.300202,-0.049752,1.308269,-0.040155,0.017830
1.300000,-0.060000,1.303821,-0.035822,1.309321,-0.037090,0.017599
1.300000,-0.060000,1.329749,-0.033145,1.309813,-0.033723,-0.022583
1.300000,-0.060000,1.296217,-0.025549,1.310990,-0.030236,0.027487
1.300000,-0.060000,1.316904,-0.018228,1.312134,-0.026804,0.004207
1.300000,-0.060000,1.309325,-0.025793,1.313553,-0.023054,0.013709
1.300000,-0.060000,1.311945,-0.024012,1.315195,-0.018944,0.014343
1.310000,-0.036000,1.310053,-0.014200,1.317182,-0.014715,0.022240
1.320000,-0.012000,1.310698,0.010163,1.319554,-0.011152,0.029215
1.330000,0.012000,1.339681,-0.066094,1.321312,-0.005345,-0.006407
1.340000,0.036000,1.293397,0.008677,1.324203,0.000154,0.038919
1.350000,0.060000,1.346719,0.009247,1.326360,0.005466,0.004614
1.350000,0.060000,1.310151,-0.017150,1.329173,0.011713,0.025164
1.350000,0.060000,1.339722,0.026498,1.331639,0.017473,0.011302
1.350000,0.060000,1.324799,0.029541,1.334375,0.022775,0.020067
1.350000,0.060000,1.327809,0.035845,1.337368,0.027513,0.029463
1.350000,0.060000,1.343518,0.016860,1.340152,0.032501,0.045172
1.350000,0.060000,1.344614,0.046723,1.342795,0.036772,0.045272
1.350000,0.060000,1.360442,0.037807,1.344823,0.040750,0.057425
1.350000,0.060000,1.354261,0.049182,1.346548,0.044114,0.049420
1.350000,0.060000,1.349755,0.047974,1.348221,0.046986,0.042544
1.350000,0.060000,1.356115,0.052565,1.349687,0.049265,0.043649
1.350000,0.060000,1.295972,0.081913,1.350974,0.050620,0.748266
1.350000,0.060000,1.368356,0.116177,1.352166,0.051015,-0.254175
1.350000,0.060000,1.384065,0.097377,1.353023,0.050651,-0.092010
1.350000,0.060000,1.343867,0.087049,1.354059,0.049625,-0.024171
1.350000,0.060000,1.360660,0.067347,1.355073,0.048196,-0.003922
1.350000,0.060000,1.339469,0.065142,1.356392,0.046407,-0.096581
1.350000,0.060000,1.403747,0.055675,1.357176,0.044351,-0.023137
1.350000,0.060000,1.357244,0.050475,1.358082,0.042088,-0.148628
1.350000,0.060000,1.380648,0.035480,1.358335,0.039601,0.032020
1.350000,0.060000,1.340730,0.028460,1.359418,0.037076,-0.031803
1.350000,0.060000,1.376980,0.031388,1.360047,0.034332,0.023759
1.350000,0.060000,1.338228,0.025697,1.361667,0.031500,-0.035513
1.350000,0.060000,1.391920,0.046752,1.362356,0.027722,0.047266
1.350000,0.060000,1.345150,0.013755,1.363841,0.024093,-0.023462
1.350000,0.060000,1.364555,0.023396,1.365462,0.020162,-0.002047
1.360000,0.036000,1.358832,0.025332,1.367479,0.015743,-0.010979
1.370000,0.012000,1.360385,0.011864,1.369901,0.011201,-0.014936
1.380000,-0.012000,1.380760,0.006507,1.372051,0.006604,0.002139
1.390000,-0.036000,1.373765,0.037970,1.374240,0.000658,0.002832
1.400000,-0.060000,1.358273,-0.033487,1.377101,-0.004187,-0.015918
1.400000,-0.060000,1.389470,0.047068,1.379571,-0.011024,0.003850
1.400000,-0.060000,1.370496,-0.034223,1.382408,-0.017080,0.000314
1.400000,-0.060000,1.388566,-0.033516,1.385032,-0.022521,-0.004583
1.400000,-0.060000,1.377553,-0.024960,1.387935,-0.027795,-0.018248
1.400000,-0.060000,1.390243,-0.028785,1.390758,-0.032893,-0.029853
1.400000,-0.060000,1.406520,-0.064300,1.393012,-0.036629,-0.038674
1.400000,-0.060000,1.406120,-0.002948,1.394801,-0.041340,-0.048327
1.400000,-0.060000,1.400422,-0.074584,1.396416,-0.044524,-0.034780
1.400000,-0.060000,1.388844,-0.027909,1.398369,-0.047961,-0.028170
1.400000,-0.060000,1.423382,-0.085366,1.399482,-0.049624,-0.059378
1.400000,-0.060000,1.361385,-0.065409,1.400794,-0.051166,-0.568684
1.400000,-0.060000,1.437492,-0.081225,1.401751,-0.052202,0.192363
1.400000,-0.060000,1.407658,-0.115997,1.402728,-0.052262,0.155721
1.400000,-0.060000,1.414316,-0.106899,1.403593,-0.051400,-0.040194
1.400000,-0.060000,1.403113,-0.085233,1.404532,-0.049918,0.015541
1.400000,-0.060000,1.392219,-0.076799,1.405732,-0.047935,0.093454
1.400000,-0.060000,1.428235,-0.071499,1.406738,-0.045495,0.070736
1.400000,-0.060000,1.444853,-0.041427,1.407351,-0.042963,0.078383
1.400000,-0.060000,1.415147,-0.033510,1.407857,-0.040292,-0.003640
1.400000,-0.060000,1.405483,-0.036094,1.408641,-0.037306,0.009769
1.400000,-0.060000,1.409968,-0.021718,1.409571,-0.034450,0.008188
1.400000,-0.060000,1.412420,-0.036903,1.410591,-0.031084,-0.000609
1.400000,-0.060000,1.407587,-0.020891,1.411908,-0.027698,0.012793
1.400000,-0.060000,1.421107,-0.005997,1.413061,-0.024756,0.001834
1.400000,-0.060000,1.394889,-0.074675,1.415049,-0.019642,0.018960
1.410000,-0.036000,1.424897,0.011887,1.416837,-0.015368,0.009335
1.420000,-0.012000,1.403209,-0.026712,1.419272,-0.010408,0.026200
1.430000,0.012000,1.435007,-0.009010,1.421262,-0.005263,-0.000011
1.440000,0.036000,1.403781,0.014713,1.424004,-0.000666,0.030735
1.450000,0.060000,1.434581,-0.032403,1.426452,0.005243,0.007682
1.450000,0.060000,1.426077,-0.006745,1.428977,0.011711,0.011030
1.450000,0.060000,1.423466,0.039719,1.431745,0.017208,0.011489
1.450000,0.060000,1.438811,0.009668,1.434273,0.022969,0.020307
1.450000,0.060000,1.418050,0.047098,1.437409,0.027766,0.027446
1.450000,0.060000,1.444633,0.017016,1.440299,0.032814,0.049459
1.450000,0.060000,1.451351,0.048607,1.442801,0.037081,0.052662
1.450000,0.060000,1.456312,0.037437,1.444835,0.041073,0.059310
1.450000,0.060000,1.450044,0.052630,1.446719,0.044329,0.052374
1.450000,0.060000,1.452791,0.048661,1.448443,0.047065,0.052441
1.450000,0.060000,1.458656,0.044907,1.449871,0.049488,0.051167
1.450000,0.060000,1.397039,0.098308,1.451360,0.050965,0.732369
1.450000,0.060000,1.489626,0.116478,1.452468,0.051472,-0.206865
1.450000,0.060000,1.473322,0.110791,1.453391,0.051051,-0.121494
1.450000,0.060000,1.462224,0.083684,1.454240,0.050010,0.017069
1.450000,0.060000,1.449273,0.064660,1.455225,0.048611,-0.031731
1.450000,0.060000,1.446054,0.072764,1.456427,0.046753,-0.085689
1.450000,0.060000,1.486560,0.052761,1.457331,0.044674,-0.056475
1.450000,0.060000,1.479618,0.068635,1.458052,0.042145,-0.114615
1.450000,0.060000,1.467202,0.029400,1.458613,0.039611,0.005067
1.450000,0.060000,1.458423,0.030491,1.459365,0.036960,-0.007180
1.450000,0.060000,1.461354,0.035217,1.460232,0.033940,-0.000518
1.450000,0.060000,1.461801,0.021204,1.461228,0.030981,-0.004361
1.450000,0.060000,1.457352,0.026805,1.462547,0.027795,-0.011051
1.450000,0.060000,1.469660,0.030537,1.463774,0.024154,0.004758
1.450000,0.060000,1.451395,0.020784,1.465616,0.020310,-0.024200
1.460000,0.036000,1.472017,0.024146,1.467375,0.016028,-0.003483
1.470000,0.012000,1.452670,0.021081,1.469816,0.011291,-0.026867
1.480000,-0.012000,1.486889,0.014790,1.471756,0.006191,0.005030
1.490000,-0.036000,1.459716,0.013916,1.474241,0.000608,-0.018647
1.500000,-0.060000,1.477144,0.002964,1.476707,-0.005219,-0.007756
1.500000,-0.060000,1.475095,0.004470,1.479294,-0.011513,-0.009081
1.500000,-0.060000,1.477365,-0.024622,1.481989,-0.017381,-0.008145
1.500000,-0.060000,1.485162,-0.032356,1.484583,-0.022681,-0.013972
1.500000,-0.060000,1.477938,-0.025739,1.487429,-0.027784,-0.028155
1.500000,-0.060000,1.483891,-0.031261,1.490418,-0.032614,-0.040281
1.500000,-0.060000,1.505200,-0.048992,1.492884,-0.036632,-0.052951
1.500000,-0.060000,1.506873,-0.022278,1.494859,-0.040914,-0.058134
1.500000,-0.060000,1.497830,-0.056595,1.496765,-0.044311,-0.046949
1.500000,-0.060000,1.511637,-0.053209,1.498183,-0.047020,-0.056446
1.500000,-0.060000,1.497603,-0.054758,1.499700,-0.049043,-0.038603
1.500000,-0.060000,1.465497,-0.076971,1.500986,-0.050698,-0.677318
1.500000,-0.060000,1.527018,-0.135350,1.502057,-0.051138,0.247026
1.500000,-0.060000,1.524365,-0.103862,1.502924,-0.050737,0.116121
1.500000,-0.060000,1.500358,-0.081990,1.503880,-0.049740,0.009893
1.500000,-0.060000,1.506937,-0.069844,1.504861,-0.048307,0.011311
1.500000,-0.060000,1.488695,-0.068450,1.506156,-0.046471,0.097904
1.500000,-0.060000,1.549015,-0.055775,1.506978,-0.044365,0.031622
1.500000,-0.060000,1.514491,-0.055936,1.507822,-0.041977,0.138048
1.500000,-0.060000,1.526721,-0.030379,1.508148,-0.039543,-0.023135
1.500000,-0.060000,1.496587,-0.036399,1.509085,-0.036770,0.020137
1.500000,-0.060000,1.518012,-0.022338,1.509887,-0.034095,-0.006577
1.500000,-0.060000,1.507638,-0.033032,1.510961,-0.031050,0.004013
1.500000,-0.060000,1.511543,-0.029280,1.512196,-0.027683,0.000921
1.500000,-0.060000,1.511954,-0.022848,1.513614,-0.024134,0.004337
1.500000,-0.060000,1.511558,-0.024551,1.515270,-0.020240,0.007231
1.510000,-0.036000,1.512070,-0.026199,1.517198,-0.015824,0.009286
1.520000,-0.012000,1.506995,-0.013965,1.519647,-0.011205,0.019862
1.530000,0.012000,1.538057,-0.017733,1.521547,-0.006108,-0.010532
1.540000,0.036000,1.504302,-0.011438,1.524187,-0.000615,0.018460
1.550000,0.060000,1.534279,-0.004489,1.526545,0.005181,-0.001495
1.550000,0.060000,1.520997,-0.009933,1.529169,0.011648,0.005293
1.550000,0.060000,1.527384,0.035495,1.531898,0.017299,0.002491
1.550000,0.060000,1.533673,0.024871,1.534581,0.022656,0.011410
1.550000,0.060000,1.527491,0.032951,1.537535,0.027555,0.022514
1.550000,0.060000,1.535783,0.029581,1.540566,0.032235,0.036549
1.550000,0.060000,1.560725,0.034776,1.542874,0.036622,0.050513
1.550000,0.060000,1.552186,0.043408,1.544860,0.040505,0.046382
1.550000,0.060000,1.551753,0.043479,1.546632,0.043972,0.045926
1.550000,0.060000,1.552546,0.047396,1.548247,0.046964,0.043443
1.550000,0.060000,1.555849,0.051859,1.549660,0.049391,0.041802
1.550000,0.060000,1.515753,0.074084,1.550979,0.051161,0.652951
1.550000,0.060000,1.579694,0.121896,1.552048,0.051899,-0.232920
1.550000,0.060000,1.570046,0.113777,1.552971,0.051680,-0.127708
1.550000,0.060000,1.551240,0.096504,1.553970,0.050679,-0.001080
1.550000,0.060000,1.567149,0.077626,1.554854,0.049146,0.013080
1.550000,0.060000,1.539979,0.064454,1.556033,0.047270,-0.098653
1.550000,0.060000,1.572516,0.065344,1.557100,0.045017,-0.081760
1.550000,0.060000,1.600529,0.052592,1.557699,0.042521,-0.069184
1.550000,0.060000,1.559327,0.031461,1.558417,0.039954,-0.008463
1.550000,0.060000,1.565544,0.038164,1.559061,0.036994,0.005552
1.550000,0.060000,1.555918,0.017248,1.560010,0.034326,-0.015835
1.550000,0.060000,1.562700,0.030578,1.561050,0.031389,-0.002873
1.550000,0.060000,1.563873,0.035019,1.562168,0.027934,-0.000050
1.550000,0.060000,1.562221,0.015510,1.563454,0.024578,-0.009662
1.550000,0.060000,1.549607,0.031379,1.565414,0.020644,-0.026786
1.560000,0.036000,1.575813,0.022787,1.567148,0.016330,-0.001853
1.570000,0.012000,1.546117,0.037019,1.569800,0.010978,-0.033337
1.580000,-0.012000,1.597230,-0.004713,1.571574,0.005959,0.010203
1.590000,-0.036000,1.550515,0.016377,1.574224,0.000362,-0.028660
1.600000,-0.060000,1.582605,-0.000502,1.576656,-0.005357,-0.008099
1.600000,-0.060000,1.568248,-0.006044,1.579460,-0.011155,-0.017509
1.600000,-0.060000,1.585926,-0.001586,1.582066,-0.017358,-0.011847
1.600000,-0.060000,1.577935,-0.039182,1.584838,-0.022748,-0.016302
1.600000,-0.060000,1.583294,-0.030909,1.587676,-0.027754,-0.030792
1.600000,-0.060000,1.580190,-0.029073,1.590800,-0.032565,-0.042743
1.600000,-0.060000,1.615269,-0.041502,1.593041,-0.036841,-0.058794
1.600000,-0.060000,1.607604,-0.085424,1.594767,-0.039050,-0.052097
1.600000,-0.060000,1.589404,0.043818,1.596728,-0.043992,-0.051651
1.600000,-0.060000,1.604477,-0.093247,1.598469,-0.046794,-0.048724
1.600000,-0.060000,1.610181,-0.048276,1.599858,-0.049147,-0.051765
1.600000,-0.060000,1.560650,-0.100398,1.601097,-0.050528,-0.791620
1.600000,-0.060000,1.615222,-0.090783,1.602287,-0.051279,0.241024
1.600000,-0.060000,1.630932,-0.115589,1.603183,-0.051034,0.099554
1.600000,-0.060000,1.607382,-0.083684,1.604072,-0.050171,-0.006883
1.600000,-0.060000,1.605543,-0.077291,1.605006,-0.048780,0.013231
1.600000,-0.060000,1.588408,-0.072883,1.606259,-0.046931,0.099913
1.600000,-0.060000,1.636381,-0.061194,1.607213,-0.044750,0.055000
1.600000,-0.060000,1.639124,-0.047673,1.607856,-0.042391,0.090825
1.600000,-0.060000,1.615557,-0.037058,1.608392,-0.039751,-0.005239
1.600000,-0.060000,1.606516,-0.032762,1.609183,-0.036907,0.008860
1.600000,-0.060000,1.611785,-0.023713,1.610068,-0.034112,0.004073
1.600000,-0.060000,1.613062,-0.037249,1.611031,-0.030787,-0.002685
1.600000,-0.060000,1.607409,-0.016503,1.612308,-0.027600,0.012913
1.600000,-0.060000,1.611730,-0.031720,1.613779,-0.023903,0.006042
1.600000,-0.060000,1.615430,-0.022862,1.615352,-0.019914,0.006198
1.610000,-0.036000,1.610039,-0.023773,1.617272,-0.015481,0.015322
1.620000,-0.012000,1.608293,-0.013813,1.619667,-0.010840,0.022160
1.630000,0.012000,1.635140,-0.015257,1.621620,-0.005803,-0.002777
1.640000,0.036000,1.607332,-0.013931,1.624204,-0.000269,0.020642
1.650000,0.060000,1.633452,0.007047,1.626536,0.005149,0.005006
1.650000,0.060000,1.622585,-0.024630,1.629074,0.011773,0.010910
1.650000,0.060000,1.627469,0.041502,1.631710,0.017366,0.005580
1.650000,0.060000,1.632313,0.022359,1.634342,0.022759,0.015966
1.650000,0.060000,1.625970,0.035760,1.637295,0.027592,0.025835
1.650000,0.060000,1.635944,0.023330,1.640314,0.032439,0.041205
1.650000,0.060000,1.656230,0.047086,1.642771,0.036547,0.051399
1.650000,0.060000,1.654359,0.031698,1.644828,0.040575,0.054007
1.650000,0.060000,1.653984,0.056444,1.646592,0.043712,0.050116
1.650000,0.060000,1.651332,0.034491,1.648244,0.046838,0.045631
1.650000,0.060000,1.658840,0.059888,1.649585,0.049100,0.046812
1.650000,0.060000,1.606012,0.099371,1.650907,0.050378,0.762824
1.650000,0.060000,1.672250,0.090978,1.652084,0.051019,-0.226894
1.650000,0.060000,1.675629,0.097208,1.653040,0.050910,-0.109711
1.650000,0.060000,1.666855,0.088488,1.653854,0.050115,0.033143
1.650000,0.060000,1.634972,0.079831,1.654996,0.048768,-0.055890
1.650000,0.060000,1.660893,0.068298,1.656150,0.047017,-0.055272
1.650000,0.060000,1.677008,0.066978,1.657133,0.044865,-0.074638
1.650000,0.060000,1.687627,0.057073,1.657825,0.042415,-0.095488
1.650000,0.060000,1.665044,0.029213,1.658429,0.039976,0.001331
1.650000,0.060000,1.660157,0.035634,1.659155,0.037242,-0.002807
1.650000,0.060000,1.656212,0.022993,1.660180,0.034600,-0.013638
1.650000,0.060000,1.671513,0.047184,1.660977,0.031082,0.018488
1.650000,0.060000,1.651973,0.011768,1.662284,0.027883,-0.020819
1.650000,0.060000,1.665087,0.032848,1.663661,0.024146,-0.000867
1.650000,0.060000,1.657013,0.022100,1.665446,0.020153,-0.017024
1.660000,0.036000,1.670778,0.028024,1.667189,0.015570,-0.002402
1.670000,0.012000,1.648620,0.006994,1.669758,0.011034,-0.033764
1.680000,-0.012000,1.691031,0.017337,1.671674,0.006038,0.007873
1.690000,-0.036000,1.658090,0.016427,1.674194,0.000465,-0.019687
1.700000,-0.060000,1.678043,-0.003532,1.676660,-0.005115,-0.008014
1.700000,-0.060000,1.677864,0.017557,1.679144,-0.011638,-0.007638
1.700000,-0.060000,1.672606,-0.038067,1.681905,-0.017246,-0.008134
1.700000,-0.060000,1.689157,-0.018381,1.684418,-0.022794,-0.015345
1.700000,-0.060000,1.672591,-0.040261,1.687374,-0.027616,-0.024626
1.700000,-0.060000,1.687800,-0.024568,1.690330,-0.032402,-0.042342
1.700000,-0.060000,1.704543,-0.041756,1.692784,-0.036638,-0.051708
1.700000,-0.060000,1.704418,-0.034591,1.694836,-0.040688,-0.054204
1.700000,-0.060000,1.701335,-0.048711,1.696691,-0.044134,-0.049544
1.700000,-0.060000,1.706300,-0.050802,1.698254,-0.046978,-0.050662
1.700000,-0.060000,1.702150,-0.052499,1.699751,-0.049223,-0.041906
1.700000,-0.060000,1.665880,-0.083434,1.701004,-0.050809,-0.719806
1.700000,-0.060000,1.728726,-0.128104,1.702019,-0.051274,0.240835
1.700000,-0.060000,1.709859,-0.107481,1.703029,-0.050859,0.149670
1.700000,-0.060000,1.715303,-0.087034,1.703919,-0.049773,-0.029930
1.700000,-0.060000,1.695003,-0.070411,1.705000,-0.048249,0.037326
1.700000,-0.060000,1.695886,-0.062925,1.706299,-0.046390,0.083877
1.700000,-0.060000,1.748467,-0.053455,1.707135,-0.044290,0.033353
1.700000,-0.060000,1.720545,-0.035622,1.707914,-0.042175,0.118842
1.700000,-0.060000,1.722292,-0.044072,1.708341,-0.039518,-0.020232
1.700000,-0.060000,1.699983,-0.023137,1.709259,-0.037010,0.019365
1.700000,-0.060000,1.718429,-0.038636,1.710032,-0.034009,-0.013221
1.700000,-0.060000,1.704687,-0.024259,1.711189,-0.030955,0.010574
1.700000,-0.060000,1.715097,-0.027597,1.712383,-0.027638,-0.003061
1.700000,-0.060000,1.710375,-0.022559,1.713823,-0.024151,0.006038
1.700000,-0.060000,1.712323,-0.030590,1.715478,-0.020097,0.003933
1.710000,-0.036000,1.709660,-0.016296,1.717501,-0.015881,0.013551
1.720000,-0.012000,1.715011,-0.020377,1.719757,-0.011230,0.008873
1.730000,0.012000,1.728544,-0.020707,1.721816,-0.005992,-0.004102
1.740000,0.036000,1.713116,-0.008655,1.724298,-0.000453,0.010096
1.750000,0.060000,1.727327,-0.000559,1.726756,0.005248,0.001765
1.750000,0.060000,1.726120,-0.009633,1.729298,0.011609,0.002080
1.750000,0.060000,1.725117,0.030196,1.732030,0.017346,0.001553
1.750000,0.060000,1.736152,0.026525,1.734627,0.022732,0.007783
1.750000,0.060000,1.720825,0.038061,1.737741,0.027473,0.017537
1.750000,0.060000,1.745223,0.021872,1.740593,0.032277,0.035466
1.750000,0.060000,1.753821,0.040335,1.742973,0.036588,0.040657
1.750000,0.060000,1.732880,0.016647,1.745752,0.041386,0.034396
1.750000,0.060000,1.789137,0.082607,1.746975,0.044370,0.066605
1.750000,0.060000,1.733162,0.036487,1.748754,0.047283,0.020027
1.750000,0.060000,1.769979,0.050178,1.749825,0.049701,0.051194
1.750000,0.060000,1.717802,0.130474,1.750929,0.050375,0.911197
1.750000,0.060000,1.704840,0.005638,1.752800,0.051534,-0.218405
1.750000,0.060000,1.896974,0.140940,1.752727,0.051298,0.249352
1.750000,0.060000,1.616423,0.096564,1.754561,0.050338,-0.303930
1.750000,0.060000,1.851514,0.063111,1.755091,0.049006,0.212702
1.750000,0.060000,1.701100,0.080816,1.756439,0.047132,-0.177113
1.750000,0.060000,1.800613,0.056969,1.757296,0.044980,-0.027759
1.750000,0.060000,1.768542,0.065964,1.758121,0.042419,-0.135537
1.750000,0.060000,1.772326,0.027091,1.758600,0.039945,0.013621
1.750000,0.060000,1.753851,0.035309,1.759437,0.037187,-0.011788
1.750000,0.060000,1.766688,0.028716,1.760195,0.034305,0.006733
1.750000,0.060000,1.756902,0.026441,1.761259,0.031301,-0.008443
1.750000,0.060000,1.762116,0.033146,1.762472,0.027844,-0.000407
1.750000,0.060000,1.761554,0.021677,1.763889,0.024254,-0.006701
1.750000,0.060000,1.765537,0.031387,1.765406,0.020071,-0.001346
1.760000,0.036000,1.754942,0.014438,1.767458,0.015795,-0.022226
1.770000,0.012000,1.765850,0.016858,1.769714,0.011214,-0.012986
1.780000,-0.012000,1.781464,0.026434,1.771662,0.005839,0.005344
1.790000,-0.036000,1.758118,-0.000667,1.774213,0.000506,-0.019169
1.800000,-0.060000,1.750638,-0.031938,1.777727,-0.003774,-0.035579
1.800000,-0.060000,1.858461,0.098255,1.778329,-0.011915,0.040392
1.800000,-0.060000,1.674179,-0.105366,1.782781,-0.016699,-0.035988
1.800000,-0.060000,1.852520,0.019722,1.784705,-0.022797,-0.015424
1.800000,-0.060000,1.750302,-0.047068,1.787889,-0.027932,-0.017696
1.800000,-0.060000,1.796277,-0.028784,1.790776,-0.032890,-0.042832
1.800000,-0.060000,1.807370,-0.050045,1.793064,-0.037008,-0.049881
1.800000,-0.060000,1.823077,-0.061643,1.794262,-0.039942,-0.059547
1.800000,-0.060000,1.754074,-0.003512,1.796975,-0.043896,-0.019283
1.800000,-0.060000,1.829363,-0.064976,1.798569,-0.046728,-0.074666
1.800000,-0.060000,1.808027,-0.057190,1.799889,-0.048779,-0.047804
1.800000,-0.060000,1.755612,-0.088377,1.801331,-0.050283,-0.663397
1.800000,-0.060000,1.837618,-0.116878,1.802418,-0.050802,0.210786
1.800000,-0.060000,1.822754,-0.099154,1.803327,-0.050542,0.119593
1.800000,-0.060000,1.803918,-0.086850,1.804279,-0.049617,-0.000268
1.800000,-0.060000,1.799960,-0.074630,1.805357,-0.048195,0.024671
1.800000,-0.060000,1.802732,-0.069498,1.806562,-0.046348,0.071880
1.800000,-0.060000,1.831742,-0.066026,1.807535,-0.044101,0.064816
1.800000,-0.060000,1.837956,-0.045352,1.808217,-0.041699,0.092136
1.800000,-0.060000,1.816629,-0.030150,1.808763,-0.039252,-0.004283
1.800000,-0.060000,1.807079,-0.034229,1.809552,-0.036537,0.007993
1.800000,-0.060000,1.809589,-0.025975,1.810528,-0.033780,0.007310
1.800000,-0.060000,1.817076,-0.026780,1.811447,-0.030874,-0.003935
1.800000,-0.060000,1.805243,-0.031572,1.812770,-0.027560,0.011819
1.800000,-0.060000,1.818715,-0.023441,1.814043,-0.024039,-0.001153
1.800000,-0.060000,1.812987,-0.027357,1.815509,-0.020067,0.006516
1.810000,-0.036000,1.802828,-0.020321,1.817590,-0.015784,0.024371
1.820000,-0.012000,1.814973,-0.011731,1.819910,-0.011382,0.017029
1.830000,0.012000,1.835455,-0.033023,1.821783,-0.005948,-0.007073
1.840000,0.036000,1.803122,0.000422,1.824444,-0.000542,0.024631
1.850000,0.060000,1.837235,0.006803,1.826721,0.004747,0.002757
1.850000,0.060000,1.817482,-0.019321,1.829397,0.011031,0.014031
1.850000,0.060000,1.835341,0.023054,1.831891,0.016936,0.004305
1.850000,0.060000,1.828135,0.037720,1.834538,0.022069,0.012533
1.850000,0.060000,1.824270,0.023049,1.837573,0.027088,0.028568
1.850000,0.060000,1.821293,0.011746,1.841227,0.032542,0.041482
1.850000,0.060000,1.916277,0.086650,1.842134,0.035806,0.066578
1.850000,0.060000,1.789566,-0.000255,1.844986,0.040133,0.015993
1.850000,0.060000,1.874947,0.045627,1.846791,0.043966,0.068513
1.850000,0.060000,1.846045,0.028710,1.848684,0.048029,0.039254
1.850000,0.060000,1.874128,0.107085,1.849719,0.049535,0.062515
1.850000,0.060000,1.786037,0.084760,1.851279,0.050802,0.574965
1.850000,0.060000,1.922268,0.086533,1.852009,0.051473,-0.126597
1.850000,0.060000,1.836503,0.102472,1.853054,0.051348,-0.202763
1.850000,0.060000,1.869986,0.085624,1.853912,0.050578,0.042710
1.850000,0.060000,1.850502,0.080945,1.854884,0.049240,-0.022558
1.850000,0.060000,1.836245,0.078593,1.856201,0.047377,-0.103303
1.850000,0.060000,1.905674,0.062304,1.856955,0.045166,-0.017641
1.850000,0.060000,1.841222,-0.139047,1.858059,0.045232,0.009399
1.850000,0.060000,1.892373,0.168339,1.858076,0.040301,0.104106
1.850000,0.060000,1.829863,-0.062750,1.859312,0.038681,-0.059357
1.850000,0.060000,1.870513,0.060212,1.860331,0.035853,0.034042
1.850000,0.060000,1.885475,0.070851,1.860605,0.031309,0.062725
1.850000,0.060000,1.818837,-0.008724,1.862593,0.027833,-0.044074
1.850000,0.060000,1.893357,0.031156,1.863630,0.023877,0.053288
1.850000,0.060000,1.846252,0.024610,1.865463,0.019561,0.004139
1.860000,0.036000,1.870160,0.020755,1.867278,0.014901,0.028550
1.870000,0.012000,1.853582,0.018796,1.869740,0.009831,0.016118
1.880000,-0.012000,1.887710,0.009018,1.871669,0.004562,0.040125
1.890000,-0.036000,1.855340,0.003034,1.874303,-0.000834,0.019750
1.900000,-0.060000,1.885625,0.004219,1.876609,-0.006555,0.035662
1.900000,-0.060000,1.870266,-0.021791,1.879208,-0.011801,0.029052
1.900000,-0.060000,1.880413,0.003665,1.881799,-0.017647,0.030113
1.900000,-0.060000,1.885546,-0.036808,1.884268,-0.022771,0.033484
1.900000,-0.060000,1.874689,-0.025269,1.887096,-0.027721,0.031109
1.900000,-0.060000,1.888597,-0.039386,1.889883,-0.032102,0.026988
1.900000,-0.060000,1.897976,-0.036706,1.892390,-0.036120,0.018552
1.900000,-0.060000,1.880846,-0.018763,1.895357,-0.040540,0.030184
1.900000,-0.060000,1.948841,-0.073741,1.896402,-0.043455,-0.025913
1.900000,-0.060000,1.872501,-0.036623,1.898374,-0.046281,0.040063
1.900000,-0.060000,1.923578,-0.055062,1.899499,-0.048410,-0.015536
1.900000,-0.060000,1.862272,-0.003020,1.900914,-0.049644,-0.346841
1.900000,-0.060000,1.939457,-0.088694,1.901947,-0.050255,0.190768
1.900000,-0.060000,1.917266,-0.103564,1.902874,-0.050026,0.131363
1.900000,-0.060000,1.901655,-0.084641,1.903870,-0.049157,0.003693
1.900000,-0.060000,1.907187,-0.068124,1.904890,-0.047873,0.010130
1.900000,-0.060000,1.892298,-0.072742,1.906173,-0.046124,0.090515
1.900000,-0.060000,1.950535,-0.039949,1.906966,-0.044313,0.032019
1.900000,-0.060000,1.910093,-0.072222,1.907838,-0.042009,0.153382
1.900000,-0.060000,1.929898,-0.033797,1.908076,-0.039537,-0.030042
1.900000,-0.060000,1.889222,-0.029164,1.909193,-0.036994,0.033805
1.900000,-0.060000,1.927043,-0.036794,1.909849,-0.034024,-0.025554
1.900000,-0.060000,1.897614,-0.019375,1.911142,-0.031183,0.022202
1.900000,-0.060000,1.920669,-0.024183,1.912270,-0.028219,-0.008196
1.900000,-0.060000,1.908499,-0.039216,1.913706,-0.024491,0.003110
1.900000,-0.060000,1.910762,-0.019822,1.915413,-0.020599,0.008530
1.910000,-0.036000,1.913748,-0.023664,1.917335,-0.016289,0.007402
1.920000,-0.012000,1.907209,-0.010799,1.919773,-0.011909,0.019653
1.930000,0.012000,1.937957,-0.028748,1.921669,-0.006671,-0.013537
1.940000,0.036000,1.902711,-0.007161,1.924366,-0.001205,0.018985
1.950000,0.060000,1.932723,-0.024542,1.926846,0.005288,-0.004160
