GaitID
4
GaitRate
15
GaitDescription
 
zero_point
0,0,0,0,0,0,0,0,0,0,0,0,0,0,0,0,0,0,0,0,0,0,0,0,0
Gait_Frame
0,0,0,0,0,0,0,0,0,0,0,0,0,0,0,0,0,0,0,0,0,0,0,0,0,30
0,0,0,0,0,0,0,0,0,0,0,-15,0,0,30,-15,0,0,-15,0,0,30,-15,0,0,30
0,0,0,0,0,0,0,0,0,0,0,-15,-6,0,30,-15,6,0,-15,-6,0,30,-15,6,0,30
0,0,0,0,0,0,0,0,0,0,0,-15,-13,0,30,-15,13,0,-15,-13,0,30,-15,13,0,30
0,0,0,0,0,0,0,0,0,0,0,-25,-13,0,68,-41,13,0,-15,-13,0,30,-15,13,0,30
0,0,0,30,0,0,0,-30,0,0,0,-63,-13,0,11,22,13,0,-24,-13,0,30,-15,13,0,10
0,0,0,30,0,0,0,-30,0,0,0,-63,-13,0,50,0,13,0,-24,-13,0,30,-15,13,0,30
0,0,0,0,0,0,0,0,0,0,0,-15,0,0,30,-15,0,0,-15,0,0,30,-15,0,0,30
